"seller_id","warehouse_id","model","myntra_sku_code","seller_sku_code","style_id","sku_id","brand","order_created_date","inscanned_on","fmpu_date","order_delivered_date","return_created_date","refunded_date","order_rto_date","is_refunded","exchange_id","order_id","order_group_id","order_line_id","seller_order_id","type","status","store_packet_id","seller_packet_id_fk","quantity","return_id","return_mode","return_reason","return_status","forward_tracking_number","return_tracking_number","master_bag_id","lmdo_status","lmdo_last_modified_on","gatepass_id","gatepass_status","gatepass_type","gatepass_lastmodified"
"36387","58640","PPMP","ANRCKRTA115296590","RUS_SOL_KURTA_ORANGE_M","36084487","115296590","Anouk Rustic","2025-09-15",,,"2025-09-18","2025-09-19","2025-09-19",,"1",,"8670546194","5595597807","10670470396","e1bf754f-ea98-42b8-ba7c-4f6ab3221041","Return","Ret Delivered","8670546194",,"1","100079719756","OPEN_BOX_PICKUP","Product image was better than the actual product","DLS",,"5965308586160",,,"2026-01-09 12:45:12.000",,,,
"36387","58640","PPMP","ANRCKRTA115297523","RUS_KURTA_PURPLE_L","36084938","115297523","Anouk Rustic","2025-09-24",,,"2025-09-28","2025-09-28","2025-09-30",,"1",,"8703741251","5613070488","10703672477","954deb31-0354-40ca-b165-32f26818a2ad","Return","Ret Delivered","8703741251",,"1","100083548776","OPEN_BOX_PICKUP","Product image was better than the actual product","DLS",,"MYER1044819252",,,"2025-10-09 20:36:51.000",,,,
"36387","58640","PPMP","ANRCKRTA115296682","RUS_ICH_CHECKS_NAVY_L","36084505","115296682","Anouk Rustic","2025-09-18",,,,"1970-01-01",,"2025-09-22",,,"8680136963","5600679217","10680062464","721d77fe-c759-48a3-8c46-f0feb91fe177","RTO",,"8680136963",,"1",,,,,,,,,,,,,
"36387","58640","PPMP","ANRCKRTA115296637","RUS_MAGIC_IKKAT_NAVY_L","36084496","115296637","Anouk Rustic","2025-08-23",,,,"1970-01-01",,"2025-09-12",,,"8630342398","5571886232","10630267136","d05d208e-0aa9-406b-95df-543c684c2855","RTO",,"8630342398",,"1",,,,,,,,,,,,,
"36387","58640","PPMP","ANRCKRTA115296590","RUS_SOL_KURTA_ORANGE_M","36084487","115296590","Anouk Rustic","2025-09-15",,,"2025-09-19","2025-09-20","2025-09-21",,"1",,"8671540985","5596101248","10671465216","37e6d2b5-afd1-4573-91eb-c76f20672bcb","Return","Ret Delivered","8671540985",,"1","100080055317","OPEN_BOX_PICKUP","Received a poor quality product","DLS",,"MYER1044017872",,,"2025-09-27 18:43:02.000",,,,
"36387","58640","PPMP","ANRCKRTA115296589","RUS_ICH_DOBBY_MUSTARD_XL","36084486","115296589","Anouk Rustic","2025-09-14",,,"2025-09-19","2025-09-19","2025-09-20",,"1",,"8668559690","5594467303","10668483815","9f6f1339-bcdd-4081-a457-0957e13e57f4","Return","Ret Delivered","8668559690",,"1","100079936332","OPEN_BOX_PICKUP","Size too small","DLS",,"MYER1043991026",,,"2025-09-30 19:43:51.000",,,,
"36387","58640","PPMP","ANRCKRTA115296582","RUS_KURTA_BEIGE_L","36084485","115296582","Anouk Rustic","2025-09-16",,,,"1970-01-01",,"2025-09-23",,,"8676130891","5598499228","10676055754","401faeff-8115-48fa-a7f1-dec7083fa2d5","RTO",,"9770441085",,"1",,,,,,,,,,,,,
"36387","58640","PPMP","ANRCKRTA115296561","RUS_KURTA_GREY_M","36084481","115296561","Anouk Rustic","2025-09-17",,,"2025-09-21","2025-09-21","2025-09-22",,"1",,"8679385585","5600235550","10679310834","9ee2867e-8212-4175-a0ab-7fcb58976eca","Return","Ret Delivered","9771044081",,"1","100080624590","OPEN_BOX_PICKUP","Size too big","DLS",,"MYER1044162779",,,"2025-09-27 18:43:02.000",,,,
"36387","58640","PPMP","ANRCKRTA115296677","RUS_ICH_DOBBY_BEIGE_L","36084504","115296677","Anouk Rustic","2025-09-20",,,"2025-09-25","2025-09-27","2025-09-28",,"1",,"8685020560","5603215598","10684947517","d10d1fda-208a-4973-aa49-fd1670c9ca06","Return","Ret Delivered","8685020560",,"1","100083120790","OPEN_BOX_PICKUP","Received a poor quality product","DLS",,"MYER1044731643",,,"2025-10-04 19:20:55.000",,,,
"36387","58640","PPMP","ANRCKRTA115296636","RUS_MAGIC_IKKAT_NAVY_M","36084496","115296636","Anouk Rustic","2025-09-13",,,"2025-09-18","2025-09-21","2025-09-21",,"1",,"8666680222","5593415414","10666604289","a2753a3f-a8bf-48e4-a43e-050571c00381","Return","Ret Delivered","9769020292",,"1","100080419113","OPEN_BOX_PICKUP","Product image was better than the actual product","DLS",,"MYER1044112854",,,"2025-09-27 18:43:02.000",,,,
"36387","58640","PPMP","ANRCKRTA115296677","RUS_ICH_DOBBY_BEIGE_L","36084504","115296677","Anouk Rustic","2025-09-24",,,"2025-09-29","2025-09-30","2025-10-01",,"1",,"8705177504","5613897811","10705109995","197b9d86-14ce-4846-8b14-77a855d0f0ab","Return","Ret Delivered","8705177504",,"1","100084806441","OPEN_BOX_PICKUP","Received a poor quality product","DLS",,"MYER1045080345",,,"2025-10-09 20:36:51.000",,,,
"36387","58640","PPMP","ANRCKRTA115297523","RUS_KURTA_PURPLE_L","36084938","115297523","Anouk Rustic","2025-09-23",,,"2025-09-29","2025-09-29","2025-09-29",,"1",,"8703238532","5612818191","10703169659","e4315647-0957-4925-bad3-886acdd49d44","Return","Ret Delivered","8703238532",,"1","100084056915","OPEN_BOX_PICKUP","Received a poor quality product","DLS",,"MYER1044924764",,,"2025-10-10 21:06:45.000",,,,
"36387","58640","PPMP","ANRCKRTA115296680","RUS_ICH_CHECKS_NAVY_S","36084505","115296680","Anouk Rustic","2025-09-20",,,,"1970-01-01",,"2025-09-22",,,"8684266749","5602930206","10684193734","c350ca33-4b1d-465f-8a96-b0b2e0bfa1f3","RTO",,"8684266749",,"1",,,,,,,,,,,,,
"36387","58640","PPMP","ANRCKRTA115297524","RUS_KURTA_PURPLE_XL","36084938","115297524","Anouk Rustic","2025-09-09",,,"2025-09-11","2025-09-14","2025-09-14",,"1",,"8658238515","5588626266","10658162633","39275fdf-b3c2-44ea-bde3-b6575a7c75e9","Return","Ret Delivered","8658238515",,"1","100078149330","OPEN_BOX_PICKUP","Size too small","DLS",,"MYER1043560774",,,"2025-09-19 17:33:18.000",,,,
"36387","58640","PPMP","ANRCKRTA115296601","RUS_SK_Shatranj_Eygpt_Grey_M","36084489","115296601","Anouk Rustic","2025-09-11",,,"2025-09-19","2025-09-22","2025-09-23",,"1",,"8660932211","5590192119","10660856281","e4850d2d-9d74-4951-b8fd-525213f12f85","Return","Ret Delivered","8660932211",,"1","100080678584","OPEN_BOX_PICKUP","I do not need it anymore","DLS",,"MYER1044174183",,,"2025-11-28 17:45:06.000",,,,
"36387","58640","PPMP","ANRCKRTA115296601","RUS_SK_Shatranj_Eygpt_Grey_M","36084489","115296601","Anouk Rustic","2025-09-24",,,,"1970-01-01",,"2025-09-25",,,"8703999270","5613219226","10703930767","6b742106-e64f-4cd8-9da0-64d396208dcd","RTO",,"8703999270",,"1",,,,,,,,,,,,,
"36387","58640","PPMP","ANRCKRTA115296666","RUS_ICH_DIAMOND_NAVY BLUE_M","36084502","115296666","Anouk Rustic","2025-08-29",,,"2025-09-02","2025-09-02","2025-09-03",,"1",,"8637316872","5576225536","10637241422","3004c556-bbca-4c3e-9172-0fee25e10ef3","Return","Ret Delivered","8637316872",,"1","100074858021","OPEN_BOX_PICKUP","I did not like the fit","DLS",,"MYER1042771342",,,"2025-09-09 17:28:24.000",,,,
"36387","58640","PPMP","ANRCKRTA115296683","RUS_ICH_CHECKS_NAVY_XL","36084505","115296683","Anouk Rustic","2025-09-21",,,"2025-09-25","2025-09-27","2025-09-28",,"1",,"8691812955","5606644340","10691741211","9149d932-3142-4d82-82cc-b69caa87cf2b","Return","Ret Delivered","8691812955",,"1","100083249407","OPEN_BOX_PICKUP","Size too big","DLS",,"MYER1044759049",,,"2025-10-09 20:36:51.000",,,,
"36387","58640","PPMP","ANRCKRTA115296681","RUS_ICH_CHECKS_NAVY_M","36084505","115296681","Anouk Rustic","2025-08-28",,,"2025-09-02","2025-09-04","2025-09-04",,"1",,"8635874788","5575320700","10635799405","62e71313-3246-4a4e-b1f3-e8962667de45","Return","Ret Delivered","9760133995",,"1","100075370912","OPEN_BOX_PICKUP","I did not like the fit","DLS",,"5965287036645",,,"2026-01-09 12:43:26.000",,,,
"36387","58640","PPMP","ANRCKRTA115297522","RUS_KURTA_PURPLE_M","36084938","115297522","Anouk Rustic","2025-09-17",,,"2025-09-20","2025-09-20","2025-09-20",,"1","8686804080","8679506665","5600312721","10679431929","4ab6e478-fa8e-402c-a09e-17359e991f5c","Return","Ret Delivered","8679506665",,"1","100080139865","OPEN_BOX_PICKUP","Generic Return Reason","DLS",,"MYER1044042431",,,"2025-10-03 21:13:32.000",,,,
"36387","58640","PPMP","ANRCKRTA115296680","RUS_ICH_CHECKS_NAVY_S","36084505","115296680","Anouk Rustic","2025-09-16",,,"2025-09-20","2025-09-21","2025-09-22",,"1",,"8673559486","5597284772","10673484007","f57354dc-47e9-4be7-87fe-3463c8a9b0ea","Return","Ret Delivered","8673559486",,"1","100080535524","OPEN_BOX_PICKUP","Size too small","DLS",,"5965312919801",,,"2026-01-09 14:40:57.000",,,,
"36387","58640","PPMP","ANRCKRTA115296638","RUS_MAGIC_IKKAT_NAVY_XL","36084496","115296638","Anouk Rustic","2025-09-23",,,"2025-09-26","2025-09-29","2025-09-30",,"1",,"8702580617","5612467658","10702511687","ec4cdc30-1715-45ba-a0e4-a66dd011b11d","Return","Ret Delivered","8702580617",,"1","100083908827","OPEN_BOX_PICKUP","I did not like the fit","DLS",,"MYER1044887767",,,"2025-10-04 19:20:55.000",,,,
"36387","58640","PPMP","ANRCKRTA115296660","RUS_ICH_DIAMOND_CORAL_S","36084501","115296660","Anouk Rustic","2025-09-21",,,,"1970-01-01",,"2025-09-27",,,"8694635601","5608099400","10694564037","d8c98a3d-e2c6-4db1-ba90-a156f6f26945","RTO",,"8694635601",,"1",,,,,,,,,,,,,
"36387","58640","PPMP","ANRCKRTA115296683","RUS_ICH_CHECKS_NAVY_XL","36084505","115296683","Anouk Rustic","2025-09-14",,,"2025-09-19","2025-09-21","2025-09-25",,"1",,"8668323947","5594330904","10668248043","bc228c56-ef44-4612-8ad7-24f436b82504","Return","Ret Delivered","8668323947",,"1","100080613285","OPEN_BOX_PICKUP","Product image was better than the actual product","DLS",,"MYER1044160253",,,"2025-10-03 17:26:15.000",,,,
"36387","58640","PPMP","ANRCKRTA115296676","RUS_ICH_DOBBY_BEIGE_M","36084504","115296676","Anouk Rustic","2025-09-17",,,"2025-09-20","2025-09-30","2025-10-01",,"1",,"8679769412","5600466071","10679694780","e4966b02-2703-43d3-9e68-3bb75dd16395","Return","Ret Delivered","8679769412",,"1","100084545592","OPEN_BOX_PICKUP","Generic Return Reason","DLS",,"MYER1045027046",,,"2025-10-09 20:36:51.000",,,,
"36387","58640","PPMP","ANRCKRTA115296663","RUS_ICH_DIAMOND_CORAL_XL","36084501","115296663","Anouk Rustic","2025-09-20",,,"2025-09-27","2025-09-27","2025-09-29",,"1",,"8688798806","5605137582","10688726772","0eef5596-9e18-4829-ae52-aaca9443f7db","Return","Ret Delivered","9773508292",,"1","100083221438","OPEN_BOX_PICKUP","I do not need it anymore","DLS",,"MYER1044753016",,,"2025-10-09 20:36:51.000",,,,
"36387","58640","PPMP","ANRCKRTA115296668","RUS_ICH_DIAMOND_NAVY BLUE_XL","36084502","115296668","Anouk Rustic","2025-09-18",,,,"1970-01-01",,"2025-09-19",,,"8679913489","5600546489","10679838899","cc7ca763-0e6a-481e-afa7-1e7d6994ee2a","RTO",,"8679913489",,"1",,,,,,,,,,,,,
"36387","58640","PPMP","ANRCKRTA115296582","RUS_KURTA_BEIGE_L","36084485","115296582","Anouk Rustic","2025-09-16",,,,"1970-01-01",,"2025-09-23",,,"8676130893","5598499228","10676055756","401faeff-8115-48fa-a7f1-dec7083fa2d5","RTO",,"9770441085",,"1",,,,,,,,,,,,,
"36387","58640","PPMP","ANRCKRTA115296637","RUS_MAGIC_IKKAT_NAVY_L","36084496","115296637","Anouk Rustic","2025-09-15",,,"2025-09-18","2025-09-18","2025-09-21",,"1",,"8672060107","5596398638","10671984432","c093a346-327a-4664-8a38-1081d4452e16","Return","Ret Delivered","8672060107",,"1","100079592136","OPEN_BOX_PICKUP","Product image was better than the actual product","DLS",,"MYER1043906611",,,"2025-09-25 16:24:08.000",,,,
"36387","58640","PPMP","ANRCKRTA115296636","RUS_MAGIC_IKKAT_NAVY_M","36084496","115296636","Anouk Rustic","2025-08-26",,,"2025-08-31","2025-09-01","2025-09-01",,"1","8640788692","8634049626","5574157380","10633974236","7fba78a9-b80b-4cf3-80b1-660dd7096999","Return","Ret Delivered","8634049626",,"1","100074576032","OPEN_BOX_PICKUP","Size is too Small","DLS",,"MYER1042699565",,,"2025-09-11 10:50:42.000",,,,
"36387","58640","PPMP","ANRCKRTA115296679","RUS_ICH_DOBBY_BEIGE_XXL","36084504","115296679","Anouk Rustic","2025-09-11",,,"2025-09-17","2025-09-17","2025-09-18",,"1",,"8661593882","5590588370","10661517961","24924932-9273-4728-bdc5-5e6071c68963","Return","Ret Delivered","9767130396",,"1","100079346408","OPEN_BOX_PICKUP","Received a poor quality product","DLS",,"MYER1043846335",,,"2025-09-27 18:43:02.000",,,,
"36387","58640","PPMP","ANRCKRTA115296578","RUS_KURTA_STR_PINK_XL","36084484","115296578","Anouk Rustic","2025-08-22",,,"2025-09-01","2025-09-01","2025-09-03",,"1",,"8628904064","5570983188","10628828891","7a8e6f08-bf36-414a-a254-91c96c2458ef","Return","Ret Delivered","8628904064",,"1","100074751084","OPEN_BOX_PICKUP","Delivery was delayed","DLS",,"MYER1042741236",,,"2025-09-11 10:50:42.000",,,,
"36387","58640","PPMP","ANRCKRTA115296677","RUS_ICH_DOBBY_BEIGE_L","36084504","115296677","Anouk Rustic","2025-09-11",,,"2025-09-17","2025-09-27","2025-09-27",,"1",,"8661593872","5590588370","10661517951","24924932-9273-4728-bdc5-5e6071c68963","Return",,"9767130396",,"1","100082967107","NO_PICKUP","Generic Return Reason","RRC",,,,,,,,,
"36387","58640","PPMP","ANRCKRTA115296676","RUS_ICH_DOBBY_BEIGE_M","36084504","115296676","Anouk Rustic","2025-09-17",,,,"1970-01-01",,"2025-09-19",,,"8676596249","5598782363","10676521254","ec0fb013-9fe2-42f9-a781-ac117ab26420","RTO",,"8676596249",,"1",,,,,,,,,,,,,
"36387","58640","PPMP","ANRCKRTA115297524","RUS_KURTA_PURPLE_XL","36084938","115297524","Anouk Rustic","2025-09-24",,,"2025-09-27","2025-09-28","2025-09-30",,"1",,"8703690839","5613045537","10703621952","5a165f13-6872-4982-8a3b-28d415bae2ce","Return","Ret Delivered","8703690839",,"1","100083814368","OPEN_BOX_PICKUP","Received a poor quality product","DLS",,"MYER1044872472",,,"2025-10-09 20:36:51.000",,,,
"36387","58640","PPMP","ANRCKRTA115296667","RUS_ICH_DIAMOND_NAVY BLUE_L","36084502","115296667","Anouk Rustic","2025-09-13",,,"2025-09-18","2025-09-21","2025-09-21",,"1",,"8666680228","5593415414","10666604294","a2753a3f-a8bf-48e4-a43e-050571c00381","Return","Ret Delivered","9769020292",,"1","100080418556","OPEN_BOX_PICKUP","Product image was better than the actual product","DLS",,"MYER1044113296",,,"2025-09-27 18:43:02.000",,,,
"36387","58640","PPMP","ANRCKRTA115296659","RUS_KURTA_NAVY_XXL","36084500","115296659","Anouk Rustic","2025-09-10",,,"2025-09-12","2025-09-13","2025-09-14",,"1",,"8658990260","5589060318","10658914351","0418a1b6-1d33-4303-9044-41efa3e00cce","Return","Ret Delivered","8658990260",,"1","100077875602","OPEN_BOX_PICKUP","I did not like the fit","DLS",,"MYER1043497242",,,"2025-09-30 19:43:51.000",,,,
"36387","58640","PPMP","ANRCKRTA115296677","RUS_ICH_DOBBY_BEIGE_L","36084504","115296677","Anouk Rustic","2025-09-03",,,"2025-09-08","2025-09-10","2025-09-10",,"1",,"8647138323","5582181841","10647062693","f65609d8-d95f-4eb1-bf5a-6f7067dcd072","Return","Ret Delivered","8647138323",,"1","100077004816","OPEN_BOX_PICKUP","I did not like the fit","DLS",,"MYER1043281301",,,"2025-09-17 17:04:09.000",,,,
"36387","58640","PPMP","ANRCKRTA115297524","RUS_KURTA_PURPLE_XL","36084938","115297524","Anouk Rustic","2025-09-27",,,,"1970-01-01",,"2025-09-28",,,"8714654601","5619284397","10714594357","b2bf9463-7b28-4283-846d-b85702fa771d","RTO","RTO Created","9781006147",,"1",,,,,"MYEC1067463529",,,,,,,,
"36387","58640","PPMP","ANRCKRTA115296580","RUS_KURTA_BEIGE_S","36084485","115296580","Anouk Rustic","2025-08-22",,,,"1970-01-01",,"2025-09-02",,,"8627234824","5570045989","10627159671","274fdc7a-b520-444a-9452-a4ac9469288f","RTO",,"9757848195",,"1",,,,,,,,,,,,,
"36387","58640","PPMP","ANRCKRTA115296681","RUS_ICH_CHECKS_NAVY_M","36084505","115296681","Anouk Rustic","2025-09-19",,,"2025-09-26","2025-09-26","2025-10-01",,"1",,"8682720749","5602305880","10682647751","7493833d-da98-44b0-b124-56a83533f640","Return","Ret Delivered","8682720749",,"1","100082617466","OPEN_BOX_PICKUP","I did not like the fit","DLS",,"MYER1044630149",,,"2025-10-09 20:36:51.000",,,,
"36387","58640","PPMP","ANRCKRTA115296665","RUS_ICH_DIAMOND_NAVY BLUE_S","36084502","115296665","Anouk Rustic","2025-09-20",,,,"1970-01-01",,"2025-09-23",,,"8688327940","5604892361","10688255656","4ccaf9b8-087d-4255-baba-a57caf867aa9","RTO",,"8688327940",,"1",,,,,,,,,,,,,
"36387","58640","PPMP","ANRCKRTA115296678","RUS_ICH_DOBBY_BEIGE_XL","36084504","115296678","Anouk Rustic","2025-09-11",,,"2025-09-17","2025-09-17","2025-09-18",,"1",,"8661593879","5590588370","10661517958","24924932-9273-4728-bdc5-5e6071c68963","Return","Ret Delivered","9767130396",,"1","100079346883","OPEN_BOX_PICKUP","Received a poor quality product","DLS",,"MYER1043846548",,,"2025-09-27 18:43:02.000",,,,
"36387","58640","PPMP","ANRCKRTA115296668","RUS_ICH_DIAMOND_NAVY BLUE_XL","36084502","115296668","Anouk Rustic","2025-09-21",,,"2025-09-24","2025-09-28","2025-09-30",,"1",,"8693889111","5607727458","10693817473","4ad23aeb-1878-41b9-984f-7e8ca730f300","Return","Ret Delivered","8693889111",,"1","100083686311","OPEN_BOX_PICKUP","Size too small","DLS",,"MYER1044847205",,,"2025-10-04 19:20:55.000",,,,
"36387","58640","PPMP","ANRCKRTA115296571","RUS_ICH_DOBBY_ORANGE_L","36084483","115296571","Anouk Rustic","2025-09-20",,,,"1970-01-01",,"2025-09-22",,,"8688918976","5605200517","10688846938","882f0711-5720-463b-b12d-d4e296e3a3a5","RTO",,"8688918976",,"1",,,,,,,,,,,,,
"36387","58640","PPMP","ANRCKRTA115296676","RUS_ICH_DOBBY_BEIGE_M","36084504","115296676","Anouk Rustic","2025-09-11",,,"2025-09-17","2025-09-17","2025-09-18",,"1",,"8661593863","5590588370","10661517942","24924932-9273-4728-bdc5-5e6071c68963","Return","Ret Delivered","9767130396",,"1","100079346611","OPEN_BOX_PICKUP","Received a poor quality product","DLS",,"MYER1043846672",,,"2025-09-27 18:43:02.000",,,,
"36387","58640","PPMP","ANRCKRTA115296677","RUS_ICH_DOBBY_BEIGE_L","36084504","115296677","Anouk Rustic","2025-09-22",,,"2025-09-25","2025-09-25","2025-09-26",,"1",,"8698541800","5610210761","10698471047","47efd5d9-5b03-4cc9-932b-956d35b27a7e","Return","Ret Delivered","8698541800",,"1","100082286705","OPEN_BOX_PICKUP","Size too big","DLS",,"MYER1044558479",,,"2025-10-03 21:13:32.000",,,,
"36387","58640","PPMP","ANRCKRTA115296680","RUS_ICH_CHECKS_NAVY_S","36084505","115296680","Anouk Rustic","2025-09-19",,,,"1970-01-01",,"2025-09-23",,,"8682653673","5602261066","10682580668","58b66891-207f-47b7-86cb-01ec915c7ab8","RTO",,"8682653673",,"1",,,,,,,,,,,,,
"36387","58640","PPMP","ANRCKRTA115296659","RUS_KURTA_NAVY_XXL","36084500","115296659","Anouk Rustic","2025-09-11",,,"2025-09-13","2025-09-14","2025-09-15",,"1",,"8660596116","5589992565","10660520195","59266694-16da-4307-a67e-5bef79c4ade8","Return","Ret Delivered","8660596116",,"1","100078314031","OPEN_BOX_PICKUP","I do not need it anymore","DLS",,"MYER1043599765",,,"2025-09-19 17:33:18.000",,,,
"36387","58640","PPMP","ANRCKRTA115296651","RUS_SK_Shatranj_Quirky_Red_M","36084499","115296651","Anouk Rustic","2025-09-13",,,"2025-09-17","2025-09-17","2025-09-18",,"1",,"8666715936","5593436524","10666640020","3bbcb098-f1d9-43a4-96f0-5029f811911f","Return","Ret Delivered","8666715936",,"1","100079347363","OPEN_BOX_PICKUP","Size too big","DLS",,"MYER1043846865",,,"2025-09-22 17:47:35.000",,,,
"36387","58640","PPMP","ANRCKRTA115296601","RUS_SK_Shatranj_Eygpt_Grey_M","36084489","115296601","Anouk Rustic","2025-09-22",,,"2025-09-27","2025-09-27","2025-09-28",,"1",,"8696897952","5609274044","10696826785","ede49738-c455-4e02-82f8-d8b155c5d861","Return","Ret Delivered","9774627593",,"1","100083161145","OPEN_BOX_PICKUP","I do not need it anymore","DLS",,"MYER1044740287",,,"2025-10-09 20:36:51.000",,,,
"36387","58640","PPMP","ANRCKRTA115296631","RUS_SK_Shatranj_Eygpt_Black_M","36084495","115296631","Anouk Rustic","2025-09-09",,,"2025-09-14","2025-09-15","2025-09-15",,"1","8670279008","8657413935","5588103297","10657338057","3d7e4ba8-bc73-4102-8b30-e34f07ba5fd9","Return","Ret Delivered","8657413935",,"1","100078468791","OPEN_BOX_PICKUP","Generic Return Reason","DLS",,"MYER1043635162",,,"2025-09-30 19:43:51.000",,,,
"36387","58640","PPMP","ANRCKRTA115296642","RUS_SOL_KURTA_YELLOW_L","36084497","115296642","Anouk Rustic","2025-09-19",,,,"1970-01-01",,"2025-09-23",,,"8682368646","5602074560","10682295364","d446a1f5-10f7-4166-b691-fbee55766121","RTO",,"8682368646",,"1",,,,,,,,,,,,,
"36387","58640","PPMP","ANRCKRTA115296587","RUS_ICH_DOBBY_MUSTARD_L","36084486","115296587","Anouk Rustic","2025-09-25",,,,"1970-01-01",,"2025-09-26",,,"8707976365","5615460136","10707910228","e4bf0b4c-316e-47d1-878b-1461243a2ec3","RTO",,"8707976365",,"1",,,,,,,,,,,,,
"36387","58640","PPMP","ANRCKRTA115296667","RUS_ICH_DIAMOND_NAVY BLUE_L","36084502","115296667","Anouk Rustic","2025-09-12",,,"2025-09-16","2025-09-17","2025-09-18",,"1",,"8662942266","5591366431","10662866320","fcac3482-5953-4a81-9729-eef755191e08","Return","Ret Delivered","8662942266",,"1","100079275519","OPEN_BOX_PICKUP","I did not like the fit","DLS",,"MYER1043831789",,,"2025-09-24 17:17:41.000",,,,
"36387","58640","PPMP","ANRCKRTA115296583","RUS_KURTA_BEIGE_XL","36084485","115296583","Anouk Rustic","2025-09-20",,,,"1970-01-01",,"2025-09-28",,,"8687075895","5604247848","10687003303","95b0e4b4-51a6-4927-8b3f-ba53134c6f37","RTO",,"8687075895",,"1",,,,,,,,,,,,,
"36387","58640","PPMP","ANRCKRTA115296580","RUS_KURTA_BEIGE_S","36084485","115296580","Anouk Rustic","2025-09-13",,,,"1970-01-01",,"2025-09-19",,,"8667366527","5593828288","10667290620","24be0fdc-df5d-40e6-8b6d-c6daf38daf90","RTO",,"8667366527",,"1",,,,,,,,,,,,,
"36387","58640","PPMP","ANRCKRTA115296676","RUS_ICH_DOBBY_BEIGE_M","36084504","115296676","Anouk Rustic","2025-08-30",,,,"1970-01-01",,"2025-09-03",,,"8638466547","5576932184","10638391057","e7efe816-7af8-4cd2-9699-3cc93bbcb452","RTO",,"8638466547",,"1",,,,,,,,,,,,,
"36387","58640","PPMP","ANRCKRTA115296685","RUS_ICH_CHECKS_GREY_S","36084506","115296685","Anouk Rustic","2025-09-08",,,,"1970-01-01",,"2025-09-10",,,"8656550720","5587576655","10656474852","07ddbf90-a55d-46c7-89a8-6d7cd3abb382","RTO",,"9765587270",,"1",,,,,,,,,,,,,
"36387","58640","PPMP","ANRCKRTA115296641","RUS_SOL_KURTA_YELLOW_M","36084497","115296641","Anouk Rustic","2025-09-10",,,,"1970-01-01",,"2025-09-22",,,"8658856090","5588978184","10658780187","7852916d-aa91-4cc1-8112-2d3374b0497b","RTO",,"8658856090",,"1",,,,,,,,,,,,,
"36387","58640","PPMP","ANRCKRTA115296582","RUS_KURTA_BEIGE_L","36084485","115296582","Anouk Rustic","2025-09-16",,,"2025-09-19","2025-09-19","2025-09-20",,"1",,"8675108068","5597896148","10675032664","b23b3dc6-e276-48cc-8210-9a09a9f66c97","Return","Ret Delivered","8675108068",,"1","100079904917","OPEN_BOX_PICKUP","Size too small","DLS",,"MYER1043982929",,,"2025-09-25 16:24:08.000",,,,
"36387","58640","PPMP","ANRCKRTA115296653","RUS_SK_Shatranj_Quirky_Red_XL","36084499","115296653","Anouk Rustic","2025-09-24",,,,"1970-01-01",,"2025-09-25",,,"8705586285","5614135030","10705518775","154e2935-a586-4fd2-b3cf-34cb9fdd596e","RTO","Delivered","8705586285",,"1",,,,,"MYEC1066712649",,,,"2025-09-27 18:43:02.000",,,,
"36387","58640","PPMP","ANRCKRTA115296573","RUS_ICH_DOBBY_ORANGE_XL","36084483","115296573","Anouk Rustic","2025-09-13",,,"2025-09-19","2025-09-20","2025-09-20",,"1",,"8667106705","5593672586","10667030799","77d9a07d-4ea6-4d36-bfe0-dac1f21429a6","Return","Ret Delivered","8667106705",,"1","100080061024","OPEN_BOX_PICKUP","Received a poor quality product","DLS",,"5965309972882",,,"2026-01-09 12:45:12.000",,,,
"36387","58640","PPMP","ANRCKRTA115296685","RUS_ICH_CHECKS_GREY_S","36084506","115296685","Anouk Rustic","2025-09-13",,,,"1970-01-01",,"2025-09-15",,,"8664801888","5592406133","10664725923","e7500d8c-6b10-4e28-8448-14fb5c2fc940","RTO",,"8664801888",,"1",,,,,,,,,,,,,
"36387","58640","PPMP","ANRCKRTA115296675","RUS_ICH_DOBBY_BEIGE_S","36084504","115296675","Anouk Rustic","2025-09-15",,,,"1970-01-01",,"2025-09-18",,,"8672594095","5596693707","10672518492","f3eb5896-b688-4f4c-9d9b-775c70575726","RTO",,"8672594095",,"1",,,,,,,,,,,,,
"36387","58640","PPMP","ANRCKRTA115296652","RUS_SK_Shatranj_Quirky_Red_L","36084499","115296652","Anouk Rustic","2025-08-26",,,"2025-09-01","2025-09-01","2025-09-02",,"1",,"8633613484","5573882885","10633538103","c4f3c0d3-ee6f-402f-a554-e1ec2ce2be38","Return","Ret Delivered","8633613484",,"1","100074606067","OPEN_BOX_PICKUP","I did not like the fit","DLS",,"MYER1042707702",,,"2025-09-12 16:33:41.000",,,,
"36387","58640","PPMP","ANRCKRTA115296583","RUS_KURTA_BEIGE_XL","36084485","115296583","Anouk Rustic","2025-09-20",,,"2025-09-27","2025-09-28","2025-09-29",,"1",,"8687589011","5604513635","10687516435","16b27f32-f973-4f71-a3c6-64dba039d8d8","Return","Ret Delivered","8687589011",,"1","100083702719","OPEN_BOX_PICKUP","Received a poor quality product","DLS",,"MYER1044850807",,,"2025-10-09 20:36:51.000",,,,
"36387","58640","PPMP","ANRCKRTA115296561","RUS_KURTA_GREY_M","36084481","115296561","Anouk Rustic","2025-09-19",,,,"1970-01-01",,"2025-09-22",,,"8681665109","5601633861","10681591055","93d3266f-ead8-4cc6-8e1f-f9993722bccf","RTO",,"8681665109",,"1",,,,,,,,,,,,,
"36387","58640","PPMP","ANRCKRTA115296582","RUS_KURTA_BEIGE_L","36084485","115296582","Anouk Rustic","2025-09-16",,,,"1970-01-01",,"2025-09-17",,,"8674739277","5597775804","10674663863","c72242a6-3f66-4628-ae6a-b2dafbca97ae","RTO",,"9769866807",,"1",,,,,,,,,,,,,
"36387","58640","PPMP","ANRCKRTA115296635","RUS_MAGIC_IKKAT_NAVY_S","36084496","115296635","Anouk Rustic","2025-09-12",,,,"1970-01-01",,"2025-09-14",,,"8664105419","5592050130","10664029473","34b19749-6aa4-49e5-a39b-bc7d4c822873","RTO",,"9767750163",,"1",,,,,,,,,,,,,
"36387","58640","PPMP","ANRCKRTA115296679","RUS_ICH_DOBBY_BEIGE_XXL","36084504","115296679","Anouk Rustic","2025-09-08",,,,"1970-01-01",,"2025-09-19",,,"8655567806","5586956458","10655491953","849adbb5-f924-4cfe-a4a2-01cabb2e835e","RTO",,"8655567806",,"1",,,,,,,,,,,,,
"36387","58640","PPMP","ANRCKRTA115296565","RUS_KURTA_GREY_XXL","36084481","115296565","Anouk Rustic","2025-09-20",,,,"1970-01-01",,"2025-09-23",,,"8684073996","5602844463","10684001003","e03f3597-f547-49d1-afde-56ee308fb20f","RTO",,"8684073996",,"1",,,,,,,,,,,,,
"36387","58640","PPMP","ANRCKRTA115296582","RUS_KURTA_BEIGE_L","36084485","115296582","Anouk Rustic","2025-09-16",,,,"1970-01-01",,"2025-09-17",,,"8674739276","5597775804","10674663862","c72242a6-3f66-4628-ae6a-b2dafbca97ae","RTO",,"9769866807",,"1",,,,,,,,,,,,,
"36387","58640","PPMP","ANRCKRTA115296665","RUS_ICH_DIAMOND_NAVY BLUE_S","36084502","115296665","Anouk Rustic","2025-09-10",,,,"1970-01-01",,"2025-09-22",,,"8659934274","5589644907","10659858348","39f1d674-ab98-4217-ab4d-85491a91b454","RTO",,"8659934274",,"1",,,,,,,,,,,,,
"36387","58640","PPMP","ANRCKRTA115296683","RUS_ICH_CHECKS_NAVY_XL","36084505","115296683","Anouk Rustic","2025-09-20",,,"2025-09-26","2025-09-26","2025-09-27",,"1",,"8687220330","5604323556","10687147745","96dfdb8a-fe61-4b54-9340-9c3da6ae1c5c","Return","Ret Delivered","8687220330",,"1","100082770768","OPEN_BOX_PICKUP","Received a poor quality product","DLS",,"MYER1044660164",,,"2025-10-09 20:36:51.000",,,,
"36387","58640","PPMP","ANRCKRTA115296666","RUS_ICH_DIAMOND_NAVY BLUE_M","36084502","115296666","Anouk Rustic","2025-08-30",,,"2025-09-02","2025-09-03","2025-09-03",,"1",,"8638694783","5577071022","10638619293","a9c92c39-07b6-4709-95be-f22c923ebefe","Return",,"9760862148",,"1","100075100931","NO_PICKUP","Generic Return Reason","RRC",,,,,,,,,
"36387","58640","PPMP","ANRCKRTA115296668","RUS_ICH_DIAMOND_NAVY BLUE_XL","36084502","115296668","Anouk Rustic","2025-09-15",,,"2025-09-18","2025-09-18","2025-09-20",,"1",,"8670398700","5595519395","10670322887","b4c778e5-5058-4303-8177-977e2aa25fb8","Return","Ret Delivered","8670398700",,"1","100079654744","OPEN_BOX_PICKUP","Size too big","DLS",,"MYER1043921183",,,"2025-09-27 18:43:02.000",,,,
"36387","58640","PPMP","ANRCKRTA115297524","RUS_KURTA_PURPLE_XL","36084938","115297524","Anouk Rustic","2025-09-27",,,,"1970-01-01",,"2025-09-28",,,"8714654605","5619284397","10714594361","b2bf9463-7b28-4283-846d-b85702fa771d","RTO","RTO Created","9781006147",,"1",,,,,"MYEC1067463529",,,,,,,,
"36387","58640","PPMP","ANRCKRTA115296676","RUS_ICH_DOBBY_BEIGE_M","36084504","115296676","Anouk Rustic","2025-08-23",,,"2025-09-01","2025-09-04","2025-09-04",,"1","8647138323","8630495023","5571982536","10630419756","dbec6393-85a4-4cb2-a3f5-39a53dc3a6cd","Return","Ret Delivered","8630495023",,"1","100075353669","OPEN_BOX_PICKUP","Size is too Small","DLS",,"MYER1042886961",,,"2025-09-16 16:19:35.000",,,,
"36387","58640","PPMP","ANRCKRTA115297523","RUS_KURTA_PURPLE_L","36084938","115297523","Anouk Rustic","2025-09-23",,,"2025-09-29","2025-09-29","2025-09-30",,"1",,"8702983229","5612689306","10702914283","b19b81ea-ea99-4be8-ba7c-3178f5b9e49b","Return","Ret Delivered","9776427384",,"1","100084125136","OPEN_BOX_PICKUP","Received a poor quality product","DLS",,"MYER1044940089",,,"2025-10-09 20:36:51.000",,,,
"36387","58640","PPMP","ANRCKRTA115296639","RUS_MAGIC_IKKAT_NAVY_XXL","36084496","115296639","Anouk Rustic","2025-08-31",,,,"1970-01-01",,"2025-09-02",,,"8640320485","5578052714","10640244979","bbc2fb13-4991-4b39-97f5-151d071236be","RTO",,"8640320485",,"1",,,,,,,,,,,,,
"36387","58640","PPMP","ANRCKRTA115296640","RUS_SOL_KURTA_YELLOW_S","36084497","115296640","Anouk Rustic","2025-09-15",,,"2025-09-21","2025-09-21","2025-09-22",,"1",,"8671479043","5596063537","10671403272","f0c0d6e4-ddfb-44b8-adc0-24a9b7393bf9","Return","Ret Delivered","8671479043",,"1","100080526216","OPEN_BOX_PICKUP","Size too big","DLS",,"5965313022900",,,"2026-01-09 14:40:57.000",,,,
"36387","58640","PPMP","ANRCKRTA115296566","RUS_ICH_DOBBY_ORANGE_S","36084483","115296566","Anouk Rustic","2025-09-23",,,"2025-09-27","2025-09-27","2025-09-29",,"1",,"8702685042","5612526950","10702616113","98280a1b-32f5-4e02-9e20-f05aa7279c59","Return","Ret Delivered","8702685042",,"1","100083036124","OPEN_BOX_PICKUP","Received a poor quality product","DLS",,"MYER1044713952",,,"2025-10-10 21:06:45.000",,,,
"36387","58640","PPMP","ANRCKRTA115296652","RUS_SK_Shatranj_Quirky_Red_L","36084499","115296652","Anouk Rustic","2025-09-24",,,"2025-09-26","2025-09-26","2025-10-03",,"1",,"8703598960","5612999664","10703530069","0f680e4a-e237-43a4-b386-55f5192238cc","Return","Ret Delivered","8703598960",,"1","100082655143","OPEN_BOX_PICKUP","Product was damaged","DLS",,"MYER1044638003",,,"2025-10-17 18:52:52.000",,,,
"36387","58640","PPMP","ANRCKRTA115296642","RUS_SOL_KURTA_YELLOW_L","36084497","115296642","Anouk Rustic","2025-08-28",,,"2025-09-01","2025-09-01","2025-09-03",,"1",,"8636066017","5575436700","10635990629","5566de0f-bbe8-47a8-af27-be7980958325","Return","Ret Delivered","9760136003",,"1","100074658809","OPEN_BOX_PICKUP","Product image was better than the actual product","DLS",,"MYER1042720736",,,"2025-09-12 16:33:41.000",,,,
"36387","58640","PPMP","ANRCKRTA115296668","RUS_ICH_DIAMOND_NAVY BLUE_XL","36084502","115296668","Anouk Rustic","2025-09-17",,,"2025-09-23","2025-09-23","2025-09-24",,"1",,"8678663229","5599805434","10678588394","f5d0c941-a917-4f49-98df-f2ff1b8213fb","Return","Ret Delivered","8678663229",,"1","100081169227","OPEN_BOX_PICKUP","Product image was better than the actual product","DLS",,"5965318162075",,,"2026-01-09 14:40:57.000",,,,
"36387","58640","PPMP","ANRCKRTA115296565","RUS_KURTA_GREY_XXL","36084481","115296565","Anouk Rustic","2025-09-04",,,"2025-09-09","2025-09-10","2025-09-12",,"1",,"8649076755","5583301715","10649001055","6d597819-ad91-4153-8d1d-a3f7d28f92cb","Return","Ret Delivered","8649076755",,"1","100077075019","OPEN_BOX_PICKUP","Received a poor quality product","DLS",,"MYER1043301446",,,"2025-09-19 17:33:18.000",,,,
"36387","58640","PPMP","ANRCKRTA115296658","RUS_KURTA_NAVY_XL","36084500","115296658","Anouk Rustic","2025-09-23",,,,"1970-01-01",,"2025-09-24",,,"8699646713","5610793602","10699576295","9e7a97c8-874c-4696-9690-c75640336a64","RTO",,"8699646713",,"1",,,,,,,,,,,,,
"36387","58640","PPMP","ANRCKRTA115296560","RUS_KURTA_GREY_S","36084481","115296560","Anouk Rustic","2025-08-22",,,,"1970-01-01",,"2025-09-02",,,"8627234827","5570045989","10627159674","274fdc7a-b520-444a-9452-a4ac9469288f","RTO",,"9757848195",,"1",,,,,,,,,,,,,
"36387","58640","PPMP","ANRCKRTA115296678","RUS_ICH_DOBBY_BEIGE_XL","36084504","115296678","Anouk Rustic","2025-09-15",,,"2025-09-20","2025-09-20","2025-09-24",,"1",,"8673213355","5597089070","10673137810","b3768a18-fdf4-42b8-9d40-6113e5001327","Return","Ret Delivered","8673213355",,"1","100080199176","OPEN_BOX_PICKUP","Product image was better than the actual product","DLS",,"MYER1044058206",,,"2025-10-04 19:20:55.000",,,,
"36387","58640","PPMP","ANRCKRTA115296583","RUS_KURTA_BEIGE_XL","36084485","115296583","Anouk Rustic","2025-09-10",,,"2025-09-12","2025-09-15","2025-09-15",,"1","8667433983","8659959521","5589659408","10659883595","17ace90e-c42d-4924-b51f-3d241f5df2d9","Return","Ret Delivered","8659959521",,"1","100078504896","OPEN_BOX_PICKUP","Generic Return Reason","DLS",,"MYER1043645498",,,"2025-09-22 17:47:35.000",,,,
"36387","58640","PPMP","ANRCKRTA115296582","RUS_KURTA_BEIGE_L","36084485","115296582","Anouk Rustic","2025-09-16",,,,"1970-01-01",,"2025-09-23",,,"8676130890","5598499228","10676055753","401faeff-8115-48fa-a7f1-dec7083fa2d5","RTO",,"9770441085",,"1",,,,,,,,,,,,,
"36387","58640","PPMP","ANRCKRTA115296677","RUS_ICH_DOBBY_BEIGE_L","36084504","115296677","Anouk Rustic","2025-09-08",,,"2025-09-11","2025-09-12","2025-09-12",,"1","8661127440","8656813229","5587740564","10656737360","e1798798-654e-4f93-8672-15846e7eb613","Return","Ret Delivered","9765588629",,"1","100077593718","OPEN_BOX_PICKUP","Generic Return Reason","DLS",,"MYER1043426480",,,"2025-09-30 19:43:51.000",,,,
"36387","58640","PPMP","ANRCKRTA115296562","RUS_KURTA_GREY_L","36084481","115296562","Anouk Rustic","2025-09-10",,,"2025-09-15","2025-09-16","2025-09-17",,"1",,"8659047489","5589096711","10658971580","51acca0b-dbf4-4f72-8626-d9ca35551a73","Return","Ret Delivered","8659047489",,"1","100078735744","OPEN_BOX_PICKUP","Product image was better than the actual product","DLS",,"MYER1043697799",,,"2025-09-24 17:17:41.000",,,,
"36387","58640","PPMP","ANRCKRTA115296677","RUS_ICH_DOBBY_BEIGE_L","36084504","115296677","Anouk Rustic","2025-09-23",,,"2025-09-26","2025-09-30","2025-09-30",,"1","8721831662","8699666538","5610803876","10699596131","b0bb53ed-8345-4e59-b8d6-9bb2779dfe81","Return","Ret Delivered","8699666538",,"1","100084563859","OPEN_BOX_PICKUP","Generic Return Reason","DLS",,"MYER1045031370",,,"2025-10-09 20:36:51.000",,,,
"36387","58640","PPMP","ANRCKRTA115296685","RUS_ICH_CHECKS_GREY_S","36084506","115296685","Anouk Rustic","2025-09-10",,,"2025-09-17","2025-09-17","2025-09-18",,"1",,"8659037567","5589090252","10658961658","69cf5694-b9a2-4365-a851-794d2c2551eb","Return","Ret Delivered","9766551577",,"1","100079289914","OPEN_BOX_PICKUP","Product image was better than the actual product","DLS",,"MYER1043834817",,,"2025-10-14 18:54:51.000",,,,
"36387","58640","PPMP","ANRCKRTA115297522","RUS_KURTA_PURPLE_M","36084938","115297522","Anouk Rustic","2025-09-23",,,"2025-09-26","2025-09-27","2025-09-28",,"1",,"8699649919","5610795285","10699579501","1e1a8778-2967-4250-a824-84dbe572628c","Return","Ret Delivered","8699649919",,"1","100083101281","OPEN_BOX_PICKUP","I did not like the fit","DLS",,"MYER1044727328",,,"2025-10-03 17:26:15.000",,,,
"36387","58640","PPMP","ANRCKRTA115296677","RUS_ICH_DOBBY_BEIGE_L","36084504","115296677","Anouk Rustic","2025-09-08",,,"2025-09-11","2025-09-12","2025-09-13",,"1",,"8656791720","5587727757","10656715851","406cddba-7feb-4b86-98e5-8320a4c9157e","Return","Ret Delivered","8656791720",,"1","100077708589","OPEN_BOX_PICKUP","I did not like the fit","DLS",,"MYER1043456419",,,"2025-09-19 17:33:18.000",,,,
"36387","58640","PPMP","ANRCKRTA115296682","RUS_ICH_CHECKS_NAVY_L","36084505","115296682","Anouk Rustic","2025-09-15",,,,"1970-01-01",,"2025-09-19",,,"8672997667","5596952522","10672922091","76d8c1f2-9702-4067-abdd-241360226124","RTO",,"8672997667",,"1",,,,,,,,,,,,,
"36387","58640","PPMP","ANRCKRTA115296598","RUS_SK_Shatranj_Eygpt_Grey_S","36084489","115296598","Anouk Rustic","2025-09-17",,,,"1970-01-01",,"2025-09-19",,,"8677334848","5599086650","10677259915","2bcf771f-a520-4185-88ef-989667f4dd87","RTO",,"8677334848",,"1",,,,,,,,,,,,,
"36387","58640","PPMP","ANRCKRTA115296650","RUS_MAGIC_IKKAT_RED_XXL","36084498","115296650","Anouk Rustic","2025-09-11",,,,"1970-01-01",,"2025-09-13",,,"8661264060","5590390521","10661188138","d9f2f848-8bc3-480e-b642-7764e63fcd66","RTO",,"8661264060",,"1",,,,,,,,,,,,,
"36387","58640","PPMP","ANRCKRTA115296665","RUS_ICH_DIAMOND_NAVY BLUE_S","36084502","115296665","Anouk Rustic","2025-09-10",,,"2025-09-14","2025-09-16","2025-09-16",,"1",,"8659923254","5589638623","10659847328","ea2319f3-aa60-4577-b96d-7f9259161cb7","Return","Ret Delivered","8659923254",,"1","100078730466","OPEN_BOX_PICKUP","I do not need it anymore","DLS",,"MYER1043696449",,,"2025-09-22 17:47:35.000",,,,
"36387","58640","PPMP","ANRCKRTA115296587","RUS_ICH_DOBBY_MUSTARD_L","36084486","115296587","Anouk Rustic","2025-09-10",,,"2025-09-17","2025-09-18","2025-09-18",,"1","8679140181","8659621896","5589458578","10659545994","7d806fb6-a775-4472-b2c7-9a8eef80f21e","Return","Ret Delivered","8659621896",,"1","100079442595","OPEN_BOX_PICKUP","Generic Return Reason","DLS",,"MYER1043868472",,,"2025-10-17 18:52:52.000",,,,
"36387","58640","PPMP","ANRCKRTA115296616","RUS_SK_Shatranj_Quirky_Black_M","36084492","115296616","Anouk Rustic","2025-09-12",,,"2025-09-18","2025-09-18","2025-09-19",,"1",,"8664614684","5592309768","10664538718","f72868a3-83ec-4968-9243-f1cdf56e9538","Return","Ret Delivered","8664614684",,"1","100079643751","OPEN_BOX_PICKUP","I did not like the fit","DLS",,"MYER1043918841",,,"2025-09-27 18:43:02.000",,,,
"36387","58640","PPMP","ANRCKRTA115296580","RUS_KURTA_BEIGE_S","36084485","115296580","Anouk Rustic","2025-09-12",,,"2025-09-17","2025-09-18","2025-09-18",,"1",,"8662674542","5591199462","10662598595","b8176cea-2dba-4462-bba6-feeb0d7dbf99","Return","Ret Delivered","8662674542",,"1","100079419031","OPEN_BOX_PICKUP","Received a poor quality product","DLS",,"5965307277322",,,"2026-01-09 14:38:28.000",,,,
"36387","58640","PPMP","ANRCKRTA115296581","RUS_KURTA_BEIGE_M","36084485","115296581","Anouk Rustic","2025-08-28",,,"2025-09-02","2025-09-04","2025-09-04",,"1",,"8635874792","5575320700","10635799409","62e71313-3246-4a4e-b1f3-e8962667de45","Return","Ret Delivered","9760133995",,"1","100075370505","OPEN_BOX_PICKUP","I did not like the fit","DLS",,"5965287025935",,,"2026-01-09 12:43:26.000",,,,
"36387","58640","PPMP","ANRCKRTA115296675","RUS_ICH_DOBBY_BEIGE_S","36084504","115296675","Anouk Rustic","2025-08-28",,,,"1970-01-01",,"2025-09-24",,,"8636181936","5575511535","10636106542","ed95e151-4bae-4972-93e1-fbca3e95a463","RTO",,"8636181936",,"1",,,,,,,,,,,,,
"36387","58640","PPMP","ANRCKRTA115296571","RUS_ICH_DOBBY_ORANGE_L","36084483","115296571","Anouk Rustic","2025-09-21",,,"2025-09-26","2025-09-27","2025-09-29",,"1",,"8693949484","5607759020","10693877853","58425d0e-485f-4387-be05-41331ead7512","Return","Ret Delivered","8693949484",,"1","100083198955","OPEN_BOX_PICKUP","I did not like the fit","DLS",,"MYER1044747922",,,"2025-10-09 20:36:51.000",,,,
"36387","58640","PPMP","ANRCKRTA115296686","RUS_ICH_CHECKS_GREY_M","36084506","115296686","Anouk Rustic","2025-08-22",,,,"1970-01-01",,"2025-09-18",,,"8627075004","5569963547","10626999854","e2669f6f-e188-4ab9-acb9-fe00291ec7a3","RTO",,"8627075004",,"1",,,,,,,,,,,,,
"36387","58640","PPMP","ANRCKRTA115296580","RUS_KURTA_BEIGE_S","36084485","115296580","Anouk Rustic","2025-09-08",,,,"1970-01-01",,"2025-09-10",,,"8656550722","5587576655","10656474854","07ddbf90-a55d-46c7-89a8-6d7cd3abb382","RTO",,"9765587270",,"1",,,,,,,,,,,,,
"36387","58640","PPMP","ANRCKRTA115296632","RUS_SK_Shatranj_Eygpt_Black_L","36084495","115296632","Anouk Rustic","2025-08-24",,,"2025-08-31","2025-09-05","2025-09-07",,"1",,"8631330707","5572481073","10631255406","72b31b3f-264f-42b8-808b-0f6338b475b1","Return","Ret Delivered","8631330707",,"1","100075565223","OPEN_BOX_PICKUP","Size too small","DLS",,"MYER1042933076",,,"2025-09-22 17:47:35.000",,,,
"36387","58640","PPMP","ANRCKRTA115296629","RUS_SK_Shatranj_Eygpt_Black_S","36084495","115296629","Anouk Rustic","2025-08-29",,,,"1970-01-01",,"2025-09-16",,,"8637531879","5576358677","10637456417","1286862c-f5bd-44e0-94db-bc4362be0e0b","RTO",,"8637531879",,"1",,,,,,,,,,,,,
"36387","58640","PPMP","ANRCKRTA115296601","RUS_SK_Shatranj_Eygpt_Grey_M","36084489","115296601","Anouk Rustic","2025-09-12",,,"2025-09-18","2025-09-18","2025-09-19",,"1",,"8664628154","5592315673","10664552190","a677c0d2-f0cf-4466-8dcd-5cc7ba5bbb43","Return","Ret Delivered","8664628154",,"1","100079624709","OPEN_BOX_PICKUP","I did not like the fit","DLS",,"MYER1043914836",,,"2025-09-30 19:43:51.000",,,,
"36387","58640","PPMP","ANRCKRTA115296676","RUS_ICH_DOBBY_BEIGE_M","36084504","115296676","Anouk Rustic","2025-08-28",,,,"1970-01-01",,"2025-09-02",,,"8636581589","5575771190","10636506171","c2c0d4e0-c25b-4ac8-b460-31a38556ca0c","RTO",,"8636581589",,"1",,,,,,,,,,,,,
"36387","58640","PPMP","ANRCKRTA115296642","RUS_SOL_KURTA_YELLOW_L","36084497","115296642","Anouk Rustic","2025-09-17",,,"2025-09-22","2025-09-23","2025-09-24",,"1",,"8678721224","5599842514","10678646421","1dea9a1d-2972-45da-9950-33f690284e84","Return","Ret Delivered","8678721224",,"1","100081373009","OPEN_BOX_PICKUP","I did not like the fit","DLS",,"MYER1044345849",,,"2025-10-04 19:20:55.000",,,,
"36387","58640","PPMP","ANRCKRTA115296618","RUS_SK_Shatranj_Quirky_Black_XL","36084492","115296618","Anouk Rustic","2025-09-17",,,"2025-09-21","2025-09-21","2025-09-21",,"1","8690953180","8679631240","5600387973","10679556552","0d7bdbdf-cca0-48ca-9fce-682c39b5ed1b","Return","Ret Delivered","8679631240",,"1","100080509938","OPEN_BOX_PICKUP","Generic Return Reason","DLS",,"MYER1044137092",,,"2025-10-10 21:06:45.000",,,,
"36387","58640","PPMP","ANRCKRTA115296687","RUS_ICH_CHECKS_GREY_L","36084506","115296687","Anouk Rustic","2025-08-31",,,"2025-09-06","2025-09-08","2025-09-08",,"1","8655392307","8640150999","5577951807","10640075494","eaada2b7-c076-4b61-8552-264ff6d0a6f9","Return","Ret Delivered","8640150999",,"1","100076404881","OPEN_BOX_PICKUP","Generic Return Reason","DLS",,"MYER1043134739",,,"2025-09-27 18:43:02.000",,,,
"36387","58640","PPMP","ANRCKRTA115297523","RUS_KURTA_PURPLE_L","36084938","115297523","Anouk Rustic","2025-08-28",,,"2025-08-31","2025-09-01","2025-09-01",,"1","8640493217","8635907249","5575339205","10635831867","b0249a94-4829-4da8-a4a8-80baed8449b4","Return","Ret Delivered","8635907249",,"1","100074575833","OPEN_BOX_PICKUP","Size is too Large","DLS",,"MYER1042699574",,,"2025-09-09 17:28:24.000",,,,
"36387","58640","PPMP","ANRCKRTA115296685","RUS_ICH_CHECKS_GREY_S","36084506","115296685","Anouk Rustic","2025-09-07",,,"2025-09-11","2025-09-12","2025-09-12",,"1",,"8654920051","5586607956","10654844249","f77d2759-a7e4-4267-9d06-70dafc3f7c15","Return","Ret Delivered","8654920051",,"1","100077529001","OPEN_BOX_PICKUP","Received a poor quality product","DLS",,"MYER1043408489",,,"2025-09-17 17:04:09.000",,,,
"36387","58640","PPMP","ANRCKRTA115296594","RUS_SOL_KURTA_ORANGE_XXL","36084487","115296594","Anouk Rustic","2025-09-11",,,,"1970-01-01",,"2025-09-15",,,"8660479362","5589923471","10660403430","91029d08-2885-4fb3-b9b3-f6ea58808d65","RTO",,"8660479362",,"1",,,,,,,,,,,,,
"36387","58640","PPMP","ANRCKRTA115296678","RUS_ICH_DOBBY_BEIGE_XL","36084504","115296678","Anouk Rustic","2025-09-13",,,"2025-09-17","2025-09-17","2025-09-17",,"1",,"8666632215","5593386758","10666556280","e63345de-31ee-400e-aeb2-4ad95434ab59","Return","Ret Delivered","8666632215",,"1","100079142467","OPEN_BOX_PICKUP","Size too big","DLS",,"MYER1043797046",,,"2025-09-24 17:17:41.000",,,,
"36387","58640","PPMP","ANRCKRTA115296577","RUS_KURTA_STR_PINK_L","36084484","115296577","Anouk Rustic","2025-08-22",,,"2025-09-01","2025-09-04","2025-09-04",,"1","8646399745","8628749835","5570882066","10628674673","bf070b95-2435-4b08-ac16-dbd997349afb","Return","Ret Delivered","8628749835",,"1","100075353741","OPEN_BOX_PICKUP","Size is too Large","DLS",,"MYER1042886956",,,"2025-09-22 17:47:35.000",,,,
"36387","58640","PPMP","ANRCKRTA115296569","RUS_SOL_KURTA_LIGHT BLUE_L","36084482","115296569","Anouk Rustic","2025-09-15",,,,"1970-01-01",,"2025-09-22",,,"8671796011","5596236232","10671720293","0978a29b-1094-4ad1-ac8e-fd31d43fe278","RTO",,"8671796011",,"1",,,,,,,,,,,,,
"36387","58640","PPMP","ANRCKRTA115296618","RUS_SK_Shatranj_Quirky_Black_XL","36084492","115296618","Anouk Rustic","2025-09-17",,,"2025-09-22","2025-09-23","2025-09-23",,"1","8697168445","8676676492","5598829972","10676601521","fad05285-4373-4ee2-aa5e-bb126bc42b19","Return","Ret Delivered","8676676492",,"1","100081128290","OPEN_BOX_PICKUP","Generic Return Reason","DLS",,"MYER1044282543",,,"2025-10-14 18:54:51.000",,,,
"36387","58640","PPMP","ANRCKRTA115296667","RUS_ICH_DIAMOND_NAVY BLUE_L","36084502","115296667","Anouk Rustic","2025-09-17",,,,"1970-01-01",,"2025-09-19",,,"8677314518","5599073754","10677239585","3bdb71ba-929f-48be-8bdd-fba6d2e3e1e3","RTO",,"8677314518",,"1",,,,,,,,,,,,,
"36387","58640","PPMP","ANRCKRTA115296576","RUS_KURTA_STR_PINK_M","36084484","115296576","Anouk Rustic","2025-09-03",,,"2025-09-08","2025-09-09","2025-09-09",,"1","8657353509","8646399745","5581736388","10646324143","cc5db2fd-b2f5-42e6-876b-18a9f0ea9da9","Return","Ret Delivered","8646399745",,"1","100076770595","OPEN_BOX_PICKUP","Generic Return Reason","DLS",,"MYER1043226710",,,"2025-09-24 17:17:41.000",,,,
"36387","58640","PPMP","ANRCKRTA115296678","RUS_ICH_DOBBY_BEIGE_XL","36084504","115296678","Anouk Rustic","2025-09-08",,,"2025-09-11","2025-09-12","2025-09-13",,"1",,"8656813230","5587740564","10656737361","e1798798-654e-4f93-8672-15846e7eb613","Return","Ret Delivered","9765588629",,"1","100077708315","OPEN_BOX_PICKUP","I did not like the fit","DLS",,"MYER1043456430",,,"2025-09-19 17:33:18.000",,,,
"36387","58640","PPMP","ANRCKRTA115296682","RUS_ICH_CHECKS_NAVY_L","36084505","115296682","Anouk Rustic","2025-08-30",,,"2025-09-01","2025-09-01","2025-09-02",,"1",,"8638369131","5576877976","10638293641","0f811d15-552c-40c0-beb0-be14b56e34bb","Return","Ret Delivered","8638369131",,"1","100074596664","OPEN_BOX_PICKUP","Product image was better than the actual product","DLS",,"MYER1042705783",,,"2025-09-05 16:53:57.000",,,,
"36387","58640","PPMP","ANRCKRTA115296605","RUS_KURTA_STR_YELLOW_S","36084490","115296605","Anouk Rustic","2025-09-17",,,,"1970-01-01",,"2025-09-19",,,"8678037320","5599472830","10677962478","935ef866-906d-4a86-9af9-c94cb914fa6d","RTO",,"8678037320",,"1",,,,,,,,,,,,,
"36387","58640","PPMP","ANRCKRTA115297522","RUS_KURTA_PURPLE_M","36084938","115297522","Anouk Rustic","2025-09-23",,,"2025-09-29","2025-09-29","2025-09-30",,"1",,"8702983231","5612689306","10702914285","b19b81ea-ea99-4be8-ba7c-3178f5b9e49b","Return","Ret Delivered","9776427384",,"1","100084124733","OPEN_BOX_PICKUP","Received a poor quality product","DLS",,"MYER1044939741",,,"2025-10-09 20:36:51.000",,,,
"36387","58640","PPMP","ANRCKRTA115296665","RUS_ICH_DIAMOND_NAVY BLUE_S","36084502","115296665","Anouk Rustic","2025-09-15",,,,"1970-01-01",,"2025-09-24",,,"8672631627","5596717477","10672556030","10d5a435-250b-4a23-b34c-8b31a0fa6599","RTO",,"8672631627",,"1",,,,,,,,,,,,,
"36387","58640","PPMP","ANRCKRTA115296640","RUS_SOL_KURTA_YELLOW_S","36084497","115296640","Anouk Rustic","2025-09-15",,,"2025-09-21","2025-09-21","2025-09-23",,"1",,"8672493120","5596629825","10672417474","586b984c-2972-43e3-85c8-4017da196058","Return","Ret Delivered","8672493120",,"1","100080629949","OPEN_BOX_PICKUP","Received a poor quality product","DLS",,"MYER1044164199",,,"2025-09-27 18:43:02.000",,,,
"36387","58640","PPMP","ANRCKRTA115296622","RUS_SK_Shatranj_Quirky_White_L","36084493","115296622","Anouk Rustic","2025-09-17",,,"2025-09-20","2025-09-20","2025-09-25",,"1",,"8677347552","5599094807","10677272620","bc011f14-a480-43a1-a59f-b11a36753010","Return","Ret Delivered","8677347552",,"1","100080293044","OPEN_BOX_PICKUP","Received a poor quality product","DLS",,"MYER1044082143",,,"2025-09-30 19:43:51.000",,,,
"36387","58640","PPMP","ANRCKRTA115296590","RUS_SOL_KURTA_ORANGE_M","36084487","115296590","Anouk Rustic","2025-09-19",,,"2025-09-24","2025-09-27","2025-09-28",,"1",,"8683753660","5602709199","10683680671","2665295e-3e58-45ba-95ce-7251efa68bf8","Return","Ret Delivered","8683753660",,"1","100083272452","OPEN_BOX_PICKUP","Size too small","DLS",,"MYER1044763384",,,"2025-10-04 19:20:55.000",,,,
"36387","58640","PPMP","ANRCKRTA115296681","RUS_ICH_CHECKS_NAVY_M","36084505","115296681","Anouk Rustic","2025-08-27",,,"2025-08-31","2025-09-03","2025-09-04",,"1",,"8634708835","5574583968","10634633444","a9628c73-1229-408c-b781-c1557e1cb969","Return","Ret Delivered","8634708835",,"1","100075184798","OPEN_BOX_PICKUP","Found a better price elsewhere","DLS",,"MYER1042848474",,,"2025-09-09 17:28:24.000",,,,
"36387","58640","PPMP","ANRCKRTA115296677","RUS_ICH_DOBBY_BEIGE_L","36084504","115296677","Anouk Rustic","2025-09-11",,,"2025-09-17","2025-09-17","2025-09-18",,"1",,"8661593874","5590588370","10661517954","24924932-9273-4728-bdc5-5e6071c68963","Return","Ret Delivered","9767130396",,"1","100079347007","OPEN_BOX_PICKUP","Received a poor quality product","DLS",,"MYER1043846415",,,"2025-09-27 18:43:02.000",,,,
"36387","58640","PPMP","ANRCKRTA115296581","RUS_KURTA_BEIGE_M","36084485","115296581","Anouk Rustic","2025-09-18",,,"2025-09-23","2025-09-24","2025-09-26",,"1",,"8680089765","5600649641","10680015240","b2610958-5c31-4369-904f-6b549a405e8a","Return","Ret Delivered","8680089765",,"1","100081642813","OPEN_BOX_PICKUP","Received a poor quality product","DLS",,"MYER1044410472",,,"2025-10-14 18:54:51.000",,,,
"36387","58640","PPMP","ANRCKRTA115296666","RUS_ICH_DIAMOND_NAVY BLUE_M","36084502","115296666","Anouk Rustic","2025-08-28",,,"2025-09-02","2025-09-06","2025-09-07",,"1",,"8635874789","5575320700","10635799406","62e71313-3246-4a4e-b1f3-e8962667de45","Return","Ret Delivered","9760133995",,"1","100076046357","OPEN_BOX_PICKUP","I did not like the fit","DLS",,"5965289622515",,,"2026-01-09 12:44:10.000",,,,
"36387","58640","PPMP","ANRCKRTA115296641","RUS_SOL_KURTA_YELLOW_M","36084497","115296641","Anouk Rustic","2025-09-20",,,"2025-09-25","2025-09-25","2025-09-26",,"1",,"8689104890","5605299110","10689032865","0dc96eae-c69e-458b-803c-bea811b78640","Return","Ret Delivered","8689104890",,"1","100082209044","OPEN_BOX_PICKUP","I did not like the fit","DLS",,"MYER1044543065",,,"2025-10-09 20:36:51.000",,,,
"36387","58640","PPMP","ANRCKRTA115296615","RUS_SK_Shatranj_Quirky_Black_S","36084492","115296615","Anouk Rustic","2025-09-18",,,"2025-09-23","2025-09-26","2025-09-27",,"1",,"8681204960","5601360808","10681130931","48ae3fd9-1fe1-447d-b014-88411e96bc65","Return","Ret Delivered","8681204960",,"1","100082499020","OPEN_BOX_PICKUP","I did not like the fit","DLS",,"MYER1044604355",,,"2025-10-09 20:36:51.000",,,,
"36387","58640","PPMP","ANRCKRTA115296580","RUS_KURTA_BEIGE_S","36084485","115296580","Anouk Rustic","2025-09-10",,,"2025-09-17","2025-09-17","2025-09-18",,"1",,"8659037566","5589090252","10658961657","69cf5694-b9a2-4365-a851-794d2c2551eb","Return","Ret Delivered","9766551577",,"1","100079289668","OPEN_BOX_PICKUP","Product image was better than the actual product","DLS",,"MYER1043835091",,,"2025-10-14 18:54:51.000",,,,
"36387","58640","PPMP","ANRCKRTA115296679","RUS_ICH_DOBBY_BEIGE_XXL","36084504","115296679","Anouk Rustic","2025-09-16",,,"2025-09-21","2025-09-22","2025-09-22",,"1",,"8674615778","5597699442","10674540313","be512438-56fc-4dc4-b7cf-efd07e5fc9b9","Return","Ret Delivered","8674615778",,"1","100080697154","OPEN_BOX_PICKUP","Received a poor quality product","DLS",,"MYER1044177446",,,"2025-10-04 19:20:55.000",,,,
"36387","58640","PPMP","ANRCKRTA115296602","RUS_SK_Shatranj_Eygpt_Grey_L","36084489","115296602","Anouk Rustic","2025-09-13",,,,"1970-01-01",,"2025-09-14",,,"8665415260","5592733345","10665339321","9e146d31-1cbc-4b28-b165-9c9428525834","RTO",,"8665415260",,"1",,,,,,,,,,,,,
"36387","58640","PPMP","ANRCKRTA115296638","RUS_MAGIC_IKKAT_NAVY_XL","36084496","115296638","Anouk Rustic","2025-09-26",,,,"1970-01-01",,"2025-09-27",,,"8711971643","5617781831","10711908940","bdc1ddb7-805e-4b44-aa8d-761c17abd105","RTO","RTO Created","8711971643",,"1",,,,,"MYEC1067182144",,,,,,,,
"36387","58640","PPMP","ANRCKRTA115296676","RUS_ICH_DOBBY_BEIGE_M","36084504","115296676","Anouk Rustic","2025-09-10",,,"2025-09-14","2025-09-19","2025-09-20",,"1",,"8659995703","5589679100","10659919777","51e6d7ee-6b12-4ce9-8e7f-4b4a243029b6","Return","Ret Delivered","8659995703",,"1","100079948387","OPEN_BOX_PICKUP","Product image was better than the actual product","DLS",,"MYER1043994152",,,"2025-09-27 18:43:02.000",,,,
"36387","58640","PPMP","ANRCKRTA115296680","RUS_ICH_CHECKS_NAVY_S","36084505","115296680","Anouk Rustic","2025-09-13",,,"2025-09-19","2025-09-19","2025-09-24",,"1",,"8667033750","5593627907","10666957842","a8334be9-52d0-416b-a112-59ebaeaf84fa","Return","Ret Delivered","8667033750",,"1","100079962385","OPEN_BOX_PICKUP","Received a poor quality product","DLS",,"MYER1043996702",,,"2025-09-30 19:43:51.000",,,,
"36387","58640","PPMP","ANRCKRTA115296676","RUS_ICH_DOBBY_BEIGE_M","36084504","115296676","Anouk Rustic","2025-08-28",,,"2025-08-31","2025-09-01","2025-09-02",,"1",,"8635870097","5575317997","10635794714","686703a5-ed6a-431f-8c3d-792caff7e0a9","Return","Ret Delivered","8635870097",,"1","100074643438","OPEN_BOX_PICKUP","I did not like the fit","DLS",,"MYER1042717383",,,"2025-09-09 17:28:24.000",,,,
"36387","58640","PPMP","ANRCKRTA115296606","RUS_KURTA_STR_YELLOW_M","36084490","115296606","Anouk Rustic","2025-09-27",,,,"1970-01-01",,"2025-09-29",,,"8714037669","5618932856","10713976274","dc4d6ba2-cfaf-4218-b898-ff045c855740","RTO",,"8714037669",,"1",,,,,,,,,,,,,
"36387","58640","PPMP","ANRCKRTA115297521","RUS_KURTA_PURPLE_S","36084938","115297521","Anouk Rustic","2025-08-22",,,,"1970-01-01",,"2025-09-02",,,"8627234822","5570045989","10627159669","274fdc7a-b520-444a-9452-a4ac9469288f","RTO",,"9757848195",,"1",,,,,,,,,,,,,
"36387","58640","PPMP","ANRCKRTA115296628","RUS_SOL_KURTA_MAROON_XL","36084494","115296628","Anouk Rustic","2025-09-19",,,,"1970-01-01",,"2025-09-21",,,"8682151052","5601933763","10682077760","a70e0696-2ea6-49b9-a419-7811b20750f0","RTO",,"8682151052",,"1",,,,,,,,,,,,,
"36387","58640","PPMP","ANRCKRTA115297522","RUS_KURTA_PURPLE_M","36084938","115297522","Anouk Rustic","2025-09-22",,,"2025-09-25","2025-09-29","2025-10-06",,"1",,"8695253363","5608390189","10695181848","426247ba-5966-449f-bdae-98469d76b315","Return","Ret Delivered","8695253363",,"1","100083986278","OPEN_BOX_PICKUP","Received a poor quality product","DLS",,"MYER1044907680",,,"2025-10-15 19:44:37.000",,,,
"36387","58640","PPMP","ANRCKRTA115296583","RUS_KURTA_BEIGE_XL","36084485","115296583","Anouk Rustic","2025-09-20",,,"2025-09-25","2025-09-25","2025-09-26",,"1",,"8688895286","5605187839","10688823247","2c4c19fc-7cd5-4bd0-9fa8-3cf2f1c10321","Return","Ret Delivered","8688895286",,"1","100082095189","OPEN_BOX_PICKUP","I did not like the fit","DLS",,"MYER1044516138",,,"2025-10-04 19:20:55.000",,,,
"36387","58640","PPMP","ANRCKRTA115296587","RUS_ICH_DOBBY_MUSTARD_L","36084486","115296587","Anouk Rustic","2025-09-25",,,,"1970-01-01",,"2025-09-30",,,"8707676941","5615291044","10707610797","55da261a-271a-42ac-98a3-04eae6926d8a","RTO",,"8707676941",,"1",,,,,,,,,,,,,
"36387","58640","PPMP","ANRCKRTA115296573","RUS_ICH_DOBBY_ORANGE_XL","36084483","115296573","Anouk Rustic","2025-09-19",,,"2025-09-27","2025-09-27","2025-09-28",,"1",,"8682320273","5602043057","10682246991","c2389b99-7997-445a-b632-22908ae3a37d","Return","Ret Delivered","8682320273",,"1","100082990181","OPEN_BOX_PICKUP","Size too big","DLS",,"MYER1044702648",,,"2025-10-09 20:36:51.000",,,,
"36387","58640","PPMP","ANRCKRTA115296682","RUS_ICH_CHECKS_NAVY_L","36084505","115296682","Anouk Rustic","2025-09-24",,,"2025-09-28","2025-09-28","2025-09-29",,"1",,"8706008599","5614382156","10705941189","bd29cca9-abc9-4784-93ba-e993edc77d2e","Return","Ret Delivered","8706008599",,"1","100083697193","OPEN_BOX_PICKUP","Received a poor quality product","DLS",,"MYER1044849503",,,"2025-10-04 19:20:55.000",,,,
"36387","58640","PPMP","ANRCKRTA115296679","RUS_ICH_DOBBY_BEIGE_XXL","36084504","115296679","Anouk Rustic","2025-09-09",,,"2025-09-11","2025-09-12","2025-09-12",,"1","8661052969","8657082838","5587895761","10657006957","e59eb5a1-e884-47a1-8b99-6656f43f1cfc","Return","Ret Delivered","8657082838",,"1","100077593410","OPEN_BOX_PICKUP","Generic Return Reason","DLS",,"MYER1043426495",,,"2025-09-17 17:04:09.000",,,,
"36387","58640","PPMP","ANRCKRTA115296667","RUS_ICH_DIAMOND_NAVY BLUE_L","36084502","115296667","Anouk Rustic","2025-09-10",,,"2025-09-14","2025-09-14","2025-09-15",,"1",,"8660054815","5589711918","10659978889","bdaa0a5d-1c11-4345-bba0-fcff429f8509","Return","Ret Delivered","8660054815",,"1","100078262883","OPEN_BOX_PICKUP","Received a poor quality product","DLS",,"MYER1043588546",,,"2025-09-21 13:39:58.000",,,,
"36387","58640","PPMP","ANRCKRTA115297523","RUS_KURTA_PURPLE_L","36084938","115297523","Anouk Rustic","2025-09-23",,,"2025-09-28","2025-09-28","2025-09-29",,"1",,"8702990210","5612692919","10702921264","be87313f-6b23-4df8-9a63-d7b3425db97e","Return","Ret Delivered","8702990210",,"1","100083657193","OPEN_BOX_PICKUP","Size too big","DLS",,"5965337934824",,,"2026-01-09 14:41:25.000",,,,
"36387","58640","PPMP","ANRCKRTA115296629","RUS_SK_Shatranj_Eygpt_Black_S","36084495","115296629","Anouk Rustic","2025-09-14",,,,"1970-01-01",,"2025-09-19",,,"8668474107","5594415573","10668398207","5eb597ec-3764-4365-abcb-7d13a8ec1e6d","RTO",,"8668474107",,"1",,,,,,,,,,,,,
"36387","58640","PPMP","ANRCKRTA115296618","RUS_SK_Shatranj_Quirky_Black_XL","36084492","115296618","Anouk Rustic","2025-09-15",,,"2025-09-20","2025-09-22","2025-09-23",,"1",,"8671935351","5596321805","10671859663","e8db4070-e305-41d8-a9a2-9bda7c3f50d6","Return","Ret Delivered","8671935351",,"1","100080684466","OPEN_BOX_PICKUP","Size too small","DLS",,"MYER1044175270",,,"2025-09-30 19:43:51.000",,,,
"36387","58640","PPMP","ANRCKRTA115296629","RUS_SK_Shatranj_Eygpt_Black_S","36084495","115296629","Anouk Rustic","2025-09-21",,,,"1970-01-01",,"2025-09-25",,,"8690313572","5605865770","10690241600","c69fea50-71e3-49d9-87b9-7ef4f50d43fb","RTO",,"8690313572",,"1",,,,,,,,,,,,,
"36387","58640","PPMP","ANRCKRTA115296634","RUS_SK_Shatranj_Eygpt_Black_XXL","36084495","115296634","Anouk Rustic","2025-09-16",,,,"1970-01-01",,"2025-09-19",,,"8676240220","5598569813","10676165115","8f770379-68ea-4b35-95ae-71be13ebc300","RTO",,"8676240220",,"1",,,,,,,,,,,,,
"36387","58640","PPMP","ANRCKRTA115296667","RUS_ICH_DIAMOND_NAVY BLUE_L","36084502","115296667","Anouk Rustic","2025-09-11",,,,"1970-01-01",,"2025-09-12",,,"8660570966","5589977684","10660495035","a8b60769-ab46-4ed1-bd10-388ece51582f","RTO",,"8660570966",,"1",,,,,,,,,,,,,
"36387","58640","PPMP","ANRCKRTA115296607","RUS_KURTA_STR_YELLOW_L","36084490","115296607","Anouk Rustic","2025-08-27",,,"2025-09-01","2025-09-02","2025-09-02",,"1","8642706392","8635714189","5575225898","10635638803","0cf06b33-b241-44b9-a722-d2bae245912d","Return","Ret Delivered","8635714189",,"1","100074824941","OPEN_BOX_PICKUP","Different product was delivered","DLS",,"MYER1042761381",,,"2025-09-12 16:33:41.000",,,,
"36387","58640","PPMP","ANRCKRTA115296560","RUS_KURTA_GREY_S","36084481","115296560","Anouk Rustic","2025-09-16",,,,"1970-01-01",,"2025-09-22",,,"8675548264","5598143301","10675472985","f0b17fa1-2581-479e-b275-f65c10774cd7","RTO",,"8675548264",,"1",,,,,,,,,,,,,
"36387","58640","PPMP","ANRCKRTA115296661","RUS_ICH_DIAMOND_CORAL_M","36084501","115296661","Anouk Rustic","2025-08-28",,,"2025-09-02","2025-09-06","2025-09-07",,"1",,"8635874790","5575320700","10635799407","62e71313-3246-4a4e-b1f3-e8962667de45","Return","Ret Delivered","9760133995",,"1","100076045930","OPEN_BOX_PICKUP","I did not like the fit","DLS",,"5965289647483",,,"2026-01-09 12:44:10.000",,,,
"36387","58640","PPMP","ANRCKRTA115296612","RUS_KURTA_STR_PEACH_L","36084491","115296612","Anouk Rustic","2025-08-29",,,"2025-09-01","2025-09-04","2025-09-04",,"1","8648172740","8637283376","5576204889","10637207926","b9534d76-325c-40f9-b211-6fc7e18b14f9","Return","Ret Delivered","8637283376",,"1","100075382701","OPEN_BOX_PICKUP","Size is too Large","DLS",,"MYER1042895224",,,"2025-09-16 16:19:35.000",,,,
"36387","58640","PPMP","ANRCKRTA115296653","RUS_SK_Shatranj_Quirky_Red_XL","36084499","115296653","Anouk Rustic","2025-09-14",,,"2025-09-19","2025-09-19","2025-09-20",,"1",,"8668385966","5594369908","10668310066","4a970fac-8c7a-485d-9d34-56afaf0e7020","Return","Ret Delivered","8668385966",,"1","100079984812","OPEN_BOX_PICKUP","Received a poor quality product","DLS",,"MYER1044002401",,,"2025-09-27 18:43:02.000",,,,
"36387","58640","PPMP","ANRCKRTA115296625","RUS_SOL_KURTA_MAROON_S","36084494","115296625","Anouk Rustic","2025-09-23",,,"2025-09-29","2025-09-30","2025-09-30",,"1",,"8701767630","5611993098","10701698643","812dd1bf-542f-43d7-9842-a432d2ca9e39","Return","Ret Delivered","8701767630",,"1","100084377352","OPEN_BOX_PICKUP","I did not like the fit","DLS",,"MYER1044987389",,,"2025-10-09 20:36:51.000",,,,
"36387","58640","PPMP","ANRCKRTA115297525","RUS_KURTA_PURPLE_XXL","36084938","115297525","Anouk Rustic","2025-09-16",,,"2025-09-19","2025-09-26","2025-09-27",,"1",,"8674910789","5597827880","10674835381","3c6a4e0b-10a4-4522-9191-9c58bbbbc815","Return","Ret Delivered","8674910789",,"1","100082611905","OPEN_BOX_PICKUP","Product image was better than the actual product","DLS",,"5965331916913",,,"2026-01-09 14:41:25.000",,,,
"36387","58640","PPMP","ANRCKRTA115296667","RUS_ICH_DIAMOND_NAVY BLUE_L","36084502","115296667","Anouk Rustic","2025-09-13",,,"2025-09-16","2025-09-17","2025-09-18",,"1",,"8664764114","5592386379","10664688147","066fc206-a2d2-48dc-b393-153504079182","Return","Ret Delivered","9767750523",,"1","100079145957","OPEN_BOX_PICKUP","I did not like the fit","DLS",,"MYER1043797920",,,"2025-09-24 17:17:41.000",,,,
"36387","58640","PPMP","ANRCKRTA115296681","RUS_ICH_CHECKS_NAVY_M","36084505","115296681","Anouk Rustic","2025-09-21",,,"2025-09-25","2025-09-28","2025-09-29",,"1",,"8693934358","5607751072","10693862725","86a4153d-56fb-4b01-b4aa-aa75df195911","Return","Ret Delivered","8693934358",,"1","100083563519","OPEN_BOX_PICKUP","I do not need it anymore","DLS",,"MYER1044822561",,,"2025-10-04 19:20:55.000",,,,
"36387","58640","PPMP","ANRCKRTA115296676","RUS_ICH_DOBBY_BEIGE_M","36084504","115296676","Anouk Rustic","2025-09-20",,,"2025-09-25","2025-09-27","2025-09-27",,"1",,"8689882484","5605675683","10689810472","676a7285-635c-4664-9eb4-f114927bd40c","Return","Ret Delivered","8689882484",,"1","100083015319","OPEN_BOX_PICKUP","Product image was better than the actual product","DLS",,"MYER1044709142",,,"2025-10-04 19:20:55.000",,,,
"36387","58640","PPMP","ANRCKRTA115297523","RUS_KURTA_PURPLE_L","36084938","115297523","Anouk Rustic","2025-09-20",,,"2025-09-27","2025-09-30","2025-10-01",,"1",,"8689720256","5605602868","10689648254","794da880-8432-48d8-946b-2b51887ebd93","Return","Ret Delivered","8689720256",,"1","100084376105","OPEN_BOX_PICKUP","Product was defective","DLS",,"MYER1044986921",,,"2025-10-09 20:36:51.000",,,,
"36387","58640","PPMP","ANRCKRTA115296623","RUS_SK_Shatranj_Quirky_White_XL","36084493","115296623","Anouk Rustic","2025-09-07",,,,"1970-01-01",,"2025-09-13",,,"8654513530","5586375447","10654437739","48ab9ffb-6f3d-490c-8769-707969578db3","RTO",,"8654513530",,"1",,,,,,,,,,,,,
"36387","58640","PPMP","ANRCKRTA115296638","RUS_MAGIC_IKKAT_NAVY_XL","36084496","115296638","Anouk Rustic","2025-09-24",,,,"1970-01-01",,"2025-09-25",,,"8705183772","5613901180","10705116265","ef468664-7e38-4ac3-a225-26a6555c50b6","RTO",,"8705183772",,"1",,,,,,,,,,,,,
"36387","58640","PPMP","ANRCKRTA115296580","RUS_KURTA_BEIGE_S","36084485","115296580","Anouk Rustic","2025-09-14",,,"2025-09-19","2025-09-21","2025-09-23",,"1",,"8668697454","5594549543","10668621582","dcd58727-6c90-47b4-bd66-83f0e6f104f2","Return","Ret Delivered","8668697454",,"1","100080606191","OPEN_BOX_PICKUP","Found a better price on Myntra","DLS",,"MYER1044158750",,,"2025-09-27 18:43:02.000",,,,
"36387","58640","PPMP","ANRCKRTA115296587","RUS_ICH_DOBBY_MUSTARD_L","36084486","115296587","Anouk Rustic","2025-09-20",,,"2025-09-25","2025-09-26","2025-09-27",,"1",,"8686765678","5604087693","10686693077","95fe0cd6-8b04-40b2-8006-d599dc9cc23b","Return","Ret Delivered","8686765678",,"1","100082666302","OPEN_BOX_PICKUP","Product image was better than the actual product","DLS",,"MYER1044640417",,,"2025-10-09 20:36:51.000",,,,
"36387","58640","PPMP","ANRCKRTA115296675","RUS_ICH_DOBBY_BEIGE_S","36084504","115296675","Anouk Rustic","2025-09-11",,,"2025-09-17","2025-09-20","2025-09-20",,"1",,"8661593866","5590588370","10661517945","24924932-9273-4728-bdc5-5e6071c68963","Return",,"9767130396",,"1","100080174805","NO_PICKUP","Generic Return Reason","RRC",,,,,,,,,
"36387","58640","PPMP","ANRCKRTA115296580","RUS_KURTA_BEIGE_S","36084485","115296580","Anouk Rustic","2025-09-08",,,"2025-09-19","2025-09-20","2025-09-22",,"1",,"8656646472","5587638565","10656570605","c6d31bc8-dac0-43ef-9ebc-17b7c0178f4d","Return","Ret Delivered","8656646472",,"1","100080207075","OPEN_BOX_PICKUP","Received a poor quality product","DLS",,"MYER1044060669",,,"2025-10-18 19:56:18.000",,,,
"36387","58640","PPMP","ANRCKRTA115296667","RUS_ICH_DIAMOND_NAVY BLUE_L","36084502","115296667","Anouk Rustic","2025-09-15",,,,"1970-01-01",,"2025-09-22",,,"8673228177","5597098047","10673152633","27b0c77e-5d34-4ffd-be4c-292369216c06","RTO",,"8673228177",,"1",,,,,,,,,,,,,
"36387","58640","PPMP","ANRCKRTA115296598","RUS_SK_Shatranj_Eygpt_Grey_S","36084489","115296598","Anouk Rustic","2025-09-16",,,,"1970-01-01",,"2025-09-17",,,"8673839188","5597425414","10673763719","a0070bab-fbdc-433d-a180-e65e3efb4497","RTO",,"8673839188",,"1",,,,,,,,,,,,,
"36387","58640","PPMP","ANRCKRTA115296656","RUS_KURTA_NAVY_M","36084500","115296656","Anouk Rustic","2025-09-15",,,"2025-09-20","2025-09-22","2025-09-23",,"1",,"8673281229","5597129681","10673205691","240dfcf5-138e-4aa3-9dcd-3e28b72112e7","Return","Ret Delivered","8673281229",,"1","100080976717","OPEN_BOX_PICKUP","I do not need it anymore","DLS",,"MYER1044249023",,,"2025-10-09 20:36:51.000",,,,
"36387","58640","PPMP","ANRCKRTA115296679","RUS_ICH_DOBBY_BEIGE_XXL","36084504","115296679","Anouk Rustic","2025-09-11",,,"2025-09-17","2025-09-17","2025-09-18",,"1",,"8661593881","5590588370","10661517960","24924932-9273-4728-bdc5-5e6071c68963","Return","Ret Delivered","9767130396",,"1","100079346112","OPEN_BOX_PICKUP","Received a poor quality product","DLS",,"MYER1043846899",,,"2025-09-27 18:43:02.000",,,,
"36387","58640","PPMP","ANRCKRTA115296655","RUS_KURTA_NAVY_S","36084500","115296655","Anouk Rustic","2025-08-22",,,,"1970-01-01",,"2025-09-02",,,"8627234823","5570045989","10627159670","274fdc7a-b520-444a-9452-a4ac9469288f","RTO",,"9757848195",,"1",,,,,,,,,,,,,
"36387","58640","PPMP","ANRCKRTA115296676","RUS_ICH_DOBBY_BEIGE_M","36084504","115296676","Anouk Rustic","2025-09-15",,,"2025-09-18","2025-09-23","2025-09-23",,"1",,"8671795999","5596236226","10671720281","492c812c-29b2-430a-b5ae-eb2f5723ebb2","Return","Ret Delivered","8671795999",,"1","100081106914","OPEN_BOX_PICKUP","Size too big","DLS",,"MYER1044276652",,,"2025-10-03 21:13:32.000",,,,
"36387","58640","PPMP","ANRCKRTA115296628","RUS_SOL_KURTA_MAROON_XL","36084494","115296628","Anouk Rustic","2025-09-18",,,"2025-09-21","2025-09-22","2025-09-22",,"1",,"8679814854","5600491046","10679740242","209390c1-716b-44a7-ade6-3cbd253d9878","Return","Ret Delivered","8679814854",,"1","100080683791","OPEN_BOX_PICKUP","Product image was better than the actual product","DLS",,"MYER1044174948",,,"2025-10-09 20:36:51.000",,,,
"36387","58640","PPMP","ANRCKRTA115296604","RUS_SK_Shatranj_Eygpt_Grey_XXL","36084489","115296604","Anouk Rustic","2025-08-28",,,,"1970-01-01",,"2025-09-02",,,"8635922099","5575347426","10635846717","7aa67ce4-8082-4b2c-b5d1-a9b1dd1794cf","RTO",,"8635922099",,"1",,,,,,,,,,,,,
"36387","58640","PPMP","ANRCKRTA115296652","RUS_SK_Shatranj_Quirky_Red_L","36084499","115296652","Anouk Rustic","2025-08-29",,,,"1970-01-01",,"2025-09-03",,,"8637111521","5576100760","10637036081","6445b9b2-621a-4e1d-bf10-ff244444df83","RTO",,"8637111521",,"1",,,,,,,,,,,,,
"36387","58640","PPMP","ANRCKRTA115296589","RUS_ICH_DOBBY_MUSTARD_XL","36084486","115296589","Anouk Rustic","2025-09-25",,,"2025-09-29","2025-09-30","2025-09-30",,"1","8721682582","8707079044","5614935202","10707011783","c5b31964-ca56-4410-960f-a6617ab5bd6f","Return","Ret Delivered","8707079044",,"1","100084568072","OPEN_BOX_PICKUP","Generic Return Reason","DLS",,"MYER1045032492",,,"2025-10-14 18:54:51.000",,,,
"36387","58640","PPMP","ANRCKRTA115296668","RUS_ICH_DIAMOND_NAVY BLUE_XL","36084502","115296668","Anouk Rustic","2025-08-31",,,,"1970-01-01",,"2025-09-07",,,"8640249118","5578009675","10640173612","9c769ab8-0246-4178-94c2-17e1f97a0748","RTO",,"8640249118",,"1",,,,,,,,,,,,,
"36387","58640","PPMP","ANRCKRTA115297522","RUS_KURTA_PURPLE_M","36084938","115297522","Anouk Rustic","2025-09-08",,,,"1970-01-01",,"2025-09-13",,,"8656679574","5587659430","10656603707","c1e7d15a-84b0-4048-aefc-a658fd1cceb4","RTO",,"8656679574",,"1",,,,,,,,,,,,,
"36387","58640","PPMP","ANRCKRTA115296611","RUS_KURTA_STR_PEACH_M","36084491","115296611","Anouk Rustic","2025-09-04",,,"2025-09-07","2025-09-15","2025-09-15",,"1","8667446905","8648172740","5582754502","10648097109","e0a81734-bdae-4e75-9c6f-538d69c7f108","Return","Ret Delivered","8648172740",,"1","100078505167","OPEN_BOX_PICKUP","Generic Return Reason","DLS",,"MYER1043645796",,,"2025-09-24 17:17:41.000",,,,
"36387","58640","PPMP","ANRCKRTA115296621","RUS_SK_Shatranj_Quirky_White_M","36084493","115296621","Anouk Rustic","2025-09-19",,,"2025-09-21","2025-09-22","2025-09-22",,"1","8693556986","8681695647","5601650546","10681621595","472b1611-5ecf-40a1-a336-16cb0fc2435d","Return","Ret Delivered","8681695647",,"1","100080730484","OPEN_BOX_PICKUP","Generic Return Reason","DLS",,"MYER1044185650",,,"2025-09-30 19:43:51.000",,,,
"36387","58640","PPMP","ANRCKRTA115296665","RUS_ICH_DIAMOND_NAVY BLUE_S","36084502","115296665","Anouk Rustic","2025-09-22",,,"2025-09-28","2025-09-30","2025-10-06",,"1",,"8697731800","5609738249","10697660909","8e304218-8f37-4674-875c-052d210722f5","Return","Ret Delivered","8697731800",,"1","100084555329","OPEN_BOX_PICKUP","Size too small","DLS",,"MYER1045029567",,,"2025-10-16 18:27:16.000",,,,
"36387","58640","PPMP","ANRCKRTA115296581","RUS_KURTA_BEIGE_M","36084485","115296581","Anouk Rustic","2025-09-17",,,"2025-09-21","2025-09-21","2025-09-22",,"1",,"8679385588","5600235550","10679310837","9ee2867e-8212-4175-a0ab-7fcb58976eca","Return","Ret Delivered","9771044081",,"1","100080624301","OPEN_BOX_PICKUP","Size too big","DLS",,"MYER1044162901",,,"2025-09-30 19:43:51.000",,,,
"36387","58640","PPMP","ANRCKRTA115296635","RUS_MAGIC_IKKAT_NAVY_S","36084496","115296635","Anouk Rustic","2025-09-12",,,,"1970-01-01",,"2025-09-14",,,"8664105418","5592050130","10664029472","34b19749-6aa4-49e5-a39b-bc7d4c822873","RTO",,"9767750163",,"1",,,,,,,,,,,,,
"36387","58640","PPMP","ANRCKRTA115297524","RUS_KURTA_PURPLE_XL","36084938","115297524","Anouk Rustic","2025-09-15",,,,"1970-01-01",,"2025-09-23",,,"8672563123","5596674425","10672487506","6da4c80a-4fd8-40f1-82a6-e381f5a63cfc","RTO",,"8672563123",,"1",,,,,,,,,,,,,
"36387","58640","PPMP","ANRCKRTA115296676","RUS_ICH_DOBBY_BEIGE_M","36084504","115296676","Anouk Rustic","2025-09-11",,,"2025-09-17","2025-09-17","2025-09-18",,"1",,"8661593864","5590588370","10661517943","24924932-9273-4728-bdc5-5e6071c68963","Return","Ret Delivered","9767130396",,"1","100079347136","OPEN_BOX_PICKUP","Received a poor quality product","DLS",,"MYER1043846757",,,"2025-09-27 18:43:02.000",,,,
"36387","58640","PPMP","ANRCKRTA115296688","RUS_ICH_CHECKS_GREY_XL","36084506","115296688","Anouk Rustic","2025-09-15",,,"2025-09-18","2025-09-21","2025-09-21",,"1","8689031296","8672453560","5596604827","10672377905","c8779971-a17c-4b80-b334-a089697d09c3","Return","Ret Delivered","8672453560",,"1","100080508766","OPEN_BOX_PICKUP","Generic Return Reason","DLS",,"MYER1044136129",,,"2025-10-03 17:26:15.000",,,,
"36387","58640","PPMP","ANRCKRTA115296632","RUS_SK_Shatranj_Eygpt_Black_L","36084495","115296632","Anouk Rustic","2025-09-14",,,"2025-09-20","2025-09-21","2025-09-21",,"1","8691027551","8670279008","5595459391","10670203167","4e9ec79a-a878-4012-bc01-b6df26e599dc","Return","Ret Delivered","8670279008",,"1","100080516327","OPEN_BOX_PICKUP","Generic Return Reason","DLS",,"MYER1044137816",,,"2025-10-16 18:27:16.000",,,,
"36387","58640","PPMP","ANRCKRTA115296602","RUS_SK_Shatranj_Eygpt_Grey_L","36084489","115296602","Anouk Rustic","2025-09-18",,,"2025-09-24","2025-09-24","2025-09-24",,"1","8705171679","8681131910","5601313949","10681057879","666a71cf-6783-48d7-9383-a61bbd11bcea","Return","Ret Delivered","8681131910",,"1","100081703024","OPEN_BOX_PICKUP","Generic Return Reason","DLS",,"MYER1044425231",,,"2025-10-09 20:36:51.000",,,,
"36387","58640","PPMP","ANRCKRTA115296649","RUS_MAGIC_IKKAT_RED_XL","36084498","115296649","Anouk Rustic","2025-08-23",,,"2025-09-03","2025-09-06","2025-09-07",,"1",,"8630069784","5571713865","10629994556","71547d56-0f83-4fec-8685-6d103beb2460","Return","Ret Delivered","8630069784",,"1","100075988983","OPEN_BOX_PICKUP","I did not like the fit","DLS",,"5965289529102",,,"2026-01-09 12:44:10.000",,,,
"36387","58640","PPMP","ANRCKRTA115296575","RUS_KURTA_STR_PINK_S","36084484","115296575","Anouk Rustic","2025-08-23",,,,"1970-01-01",,"2025-09-18",,,"8629625955","5571435986","10629550742","19149e5e-0d67-4c41-b42b-dc9c385e9c4a","RTO",,"8629625955",,"1",,,,,,,,,,,,,
"36387","58640","PPMP","ANRCKRTA115297522","RUS_KURTA_PURPLE_M","36084938","115297522","Anouk Rustic","2025-09-23",,,"2025-09-26","2025-09-28","2025-09-29",,"1",,"8702989748","5612692676","10702920801","a1bfe28e-169e-4660-8ea2-4f707295e964","Return","Ret Delivered","8702989748",,"1","100083666599","OPEN_BOX_PICKUP","Received a poor quality product","DLS",,"MYER1044843116",,,"2025-10-04 19:20:55.000",,,,
"36387","58640","PPMP","ANRCKRTA115296676","RUS_ICH_DOBBY_BEIGE_M","36084504","115296676","Anouk Rustic","2025-08-28",,,"2025-09-02","2025-09-02","2025-09-03",,"1",,"8636664247","5575825206","10636588817","a39203bb-af48-42b7-9f34-c754f8a92a33","Return","Ret Delivered","8636664247",,"1","100074974956","OPEN_BOX_PICKUP","Product was damaged","DLS",,"MYER1042797339",,,"2025-09-12 16:33:41.000",,,,
"36387","58640","PPMP","ANRCKRTA115296629","RUS_SK_Shatranj_Eygpt_Black_S","36084495","115296629","Anouk Rustic","2025-09-23",,,"2025-09-28","2025-09-30","2025-09-30",,"1","8721162634","8700327327","5611187753","10700257625","8ec897bf-975e-425d-b268-70181c82bcfc","Return","Ret Delivered","8700327327",,"1","100084569090","OPEN_BOX_PICKUP","Generic Return Reason","DLS",,"MYER1045032584",,,"2025-10-15 19:44:37.000",,,,
"36387","58640","PPMP","ANRCKRTA115296668","RUS_ICH_DIAMOND_NAVY BLUE_XL","36084502","115296668","Anouk Rustic","2025-09-15",,,"2025-09-20","2025-09-25","2025-09-26",,"1",,"8672472746","5596616877","10672397092","1da81a49-6ed4-4ff4-997c-057e741fa0dc","Return","Ret Delivered","8672472746",,"1","100082022969","OPEN_BOX_PICKUP","Size too small","DLS",,"MYER1044498137",,,"2025-10-03 17:26:15.000",,,,
"36387","58640","PPMP","ANRCKRTA115296673","RUS_SK_Blkline_Off White_XL","36084503","115296673","Anouk Rustic","2025-09-22",,,"2025-09-25","2025-09-28","2025-09-29",,"1",,"8695052953","5608295222","10694981412","a1356012-aee6-47e7-a089-f2cdabd1fe61","Return","Ret Delivered","8695052953",,"1","100083648834","OPEN_BOX_PICKUP","Size too small","DLS",,"MYER1044839405",,,"2025-10-04 19:20:55.000",,,,
"36387","58640","PPMP","ANRCKRTA115297525","RUS_KURTA_PURPLE_XXL","36084938","115297525","Anouk Rustic","2025-09-20",,,"2025-09-25","2025-09-26","2025-09-28",,"1",,"8686252987","5603817486","10686180399","5c7d9799-0068-4f17-a91c-20368842238d","Return","Ret Delivered","8686252987",,"1","100082729055","OPEN_BOX_PICKUP","Size too big","DLS",,"MYER1044653376",,,"2025-10-09 20:36:51.000",,,,
"36387","58640","PPMP","ANRCKRTA115296647","RUS_MAGIC_IKKAT_RED_L","36084498","115296647","Anouk Rustic","2025-08-21",,,,"1970-01-01",,"2025-09-10",,,"8625983541","5569264722","10625908444","f5a6aaf3-16f3-4150-b8ac-9fc208d78ea2","RTO",,"8625983541",,"1",,,,,,,,,,,,,
"36387","58640","PPMP","ANRCKRTA115296632","RUS_SK_Shatranj_Eygpt_Black_L","36084495","115296632","Anouk Rustic","2025-08-24",,,,"1970-01-01",,"2025-09-12",,,"8632242727","5573035052","10632167395","06084dc9-f6eb-4cfe-b420-61fb3608c315","RTO",,"8632242727",,"1",,,,,,,,,,,,,
"36387","58640","PPMP","ANRCKRTA115296686","RUS_ICH_CHECKS_GREY_M","36084506","115296686","Anouk Rustic","2025-08-25",,,"2025-08-31","2025-09-02","2025-09-02",,"1","8643095335","8633285152","5573684760","10633209775","b9f6490c-1d9a-41f1-9f2e-2ce06ff1cbb4","Return","Ret Delivered","8633285152",,"1","100074824845","OPEN_BOX_PICKUP","Size is too Large","DLS",,"MYER1042761258",,,"2025-09-13 16:16:00.000",,,,
"36387","58640","PPMP","ANRCKRTA115296665","RUS_ICH_DIAMOND_NAVY BLUE_S","36084502","115296665","Anouk Rustic","2025-09-11",,,"2025-09-14","2025-09-14","2025-09-15",,"1",,"8660180865","5589778206","10660104940","c2662f6f-a426-4770-876b-801694bc5260","Return","Ret Delivered","8660180865",,"1","100078394287","OPEN_BOX_PICKUP","Product was dirty and had stains","DLS",,"MYER1043616247",,,"2025-09-21 13:39:58.000",,,,
"36387","58640","PPMP","ANRCKRTA115296581","RUS_KURTA_BEIGE_M","36084485","115296581","Anouk Rustic","2025-09-11",,,"2025-09-14","2025-09-15","2025-09-15",,"1","8668697454","8660932776","5590192495","10660856846","5c2c8bff-2b3b-4ab1-9106-50e026b32782","Return","Ret Delivered","8660932776",,"1","100078504761","OPEN_BOX_PICKUP","Generic Return Reason","DLS",,"MYER1043645377",,,"2025-09-24 17:17:41.000",,,,
"36387","58640","PPMP","ANRCKRTA115296687","RUS_ICH_CHECKS_GREY_L","36084506","115296687","Anouk Rustic","2025-09-14",,,"2025-09-18","2025-09-19","2025-09-20",,"1",,"8668643643","5594517668","10668567771","3cf35096-b71f-4bb9-9bb3-16f71ba2ecc8","Return","Ret Delivered","8668643643",,"1","100079779131","OPEN_BOX_PICKUP","Product image was better than the actual product","DLS",,"MYER1043950957",,,"2025-09-25 16:24:08.000",,,,
"36387","58640","PPMP","ANRCKRTA115296636","RUS_MAGIC_IKKAT_NAVY_M","36084496","115296636","Anouk Rustic","2025-08-28",,,"2025-09-02","2025-09-06","2025-09-07",,"1",,"8635874791","5575320700","10635799408","62e71313-3246-4a4e-b1f3-e8962667de45","Return","Ret Delivered","9760133995",,"1","100076045457","OPEN_BOX_PICKUP","I did not like the fit","DLS",,"5965289766752",,,"2026-01-09 12:44:10.000",,,,
"36387","58640","PPMP","ANRCKRTA115296677","RUS_ICH_DOBBY_BEIGE_L","36084504","115296677","Anouk Rustic","2025-09-16",,,"2025-09-19","2025-09-20","2025-09-20",,"1",,"8673595457","5597303411","10673519983","91776f27-080e-442f-b0b1-f97ad2cbdd04","Return","Ret Delivered","8673595457",,"1","100080136366","OPEN_BOX_PICKUP","Product image was better than the actual product","DLS",,"MYER1044042296",,,"2025-09-25 16:24:08.000",,,,
"36387","58640","PPMP","ANRCKRTA115296687","RUS_ICH_CHECKS_GREY_L","36084506","115296687","Anouk Rustic","2025-08-28",,,"2025-08-30","2025-09-02","2025-09-02",,"1",,"8636068393","5575438278","10635993005","a27e426b-5912-439f-b4a3-7c8076719ea0","Return","Ret Delivered","8636068393",,"1","100074767180","OPEN_BOX_PICKUP","Product image was better than the actual product","DLS",,"MYER1042744659",,,"2025-09-05 16:53:57.000",,,,
"36387","58640","PPMP","ANRCKRTA115296668","RUS_ICH_DIAMOND_NAVY BLUE_XL","36084502","115296668","Anouk Rustic","2025-09-16",,,"2025-09-21","2025-09-26","2025-09-27",,"1",,"8676475737","5598714461","10676400692","00b93c53-2586-4a1f-9b63-ed56a9ff8999","Return","Ret Delivered","8676475737",,"1","100082515678","OPEN_BOX_PICKUP","Received a poor quality product","DLS",,"MYER1044607704",,,"2025-10-14 18:54:51.000",,,,
"36387","58640","PPMP","ANRCKRTA115296675","RUS_ICH_DOBBY_BEIGE_S","36084504","115296675","Anouk Rustic","2025-08-22",,,"2025-08-28","2025-09-01","2025-09-01",,"1",,"8627747968","5570306362","10627672811","27d2ff16-a84d-47c4-ae27-2034aa1d661c","Return","Ret Delivered","8627747968",,"1","100074567020","OPEN_BOX_PICKUP","Received a poor quality product","DLS",,"MYER1042696414",,,"2025-09-08 17:21:21.000",,,,
"36387","58640","PPMP","ANRCKRTA115296627","RUS_SOL_KURTA_MAROON_L","36084494","115296627","Anouk Rustic","2025-09-17",,,"2025-09-21","2025-09-26","2025-09-26",,"1",,"8679714641","5600435775","10679639982","74769e15-079b-4b4c-a9a9-da409b95a3f4","Return","Ret Delivered","9771042837",,"1","100082456847","OPEN_BOX_PICKUP","I did not like the fit","DLS",,"MYER1044593766",,,"2025-10-09 20:36:51.000",,,,
"36387","58640","PPMP","ANRCKRTA115296647","RUS_MAGIC_IKKAT_RED_L","36084498","115296647","Anouk Rustic","2025-08-21",,,,"1970-01-01",,"2025-09-18",,,"8626794138","5569794669","10626719005","f04d84d3-b77e-47c4-9b92-516ea3f9a230","RTO",,"8626794138",,"1",,,,,,,,,,,,,
"36387","58640","PPMP","ANRCKRTA115296679","RUS_ICH_DOBBY_BEIGE_XXL","36084504","115296679","Anouk Rustic","2025-09-08",,,"2025-09-13","2025-09-17","2025-09-18",,"1",,"8656311408","5587421105","10656235537","f30b1b48-8829-4540-a543-957ac18a9840","Return","Ret Delivered","8656311408",,"1","100079200966","OPEN_BOX_PICKUP","Size too big","DLS",,"MYER1043813480",,,"2025-09-25 16:24:08.000",,,,
"36387","58640","PPMP","ANRCKRTA115296680","RUS_ICH_CHECKS_NAVY_S","36084505","115296680","Anouk Rustic","2025-09-15",,,"2025-09-18","2025-09-22","2025-09-23",,"1",,"8673328293","5597156944","10673252770","5cd5b6de-bccd-472a-bffe-7c630cb66edc","Return","Ret Delivered","8673328293",,"1","100080988743","OPEN_BOX_PICKUP","Product image was better than the actual product","DLS",,"MYER1044251983",,,"2025-12-17 16:01:54.000",,,,
"36387","58640","PPMP","ANRCKRTA115296683","RUS_ICH_CHECKS_NAVY_XL","36084505","115296683","Anouk Rustic","2025-08-30",,,"2025-09-04","2025-09-04","2025-09-05",,"1",,"8638859090","5577171740","10638783604","1eacbdc2-4102-4420-9975-b8681714d706","Return","Ret Delivered","8638859090",,"1","100075474044","OPEN_BOX_PICKUP","I did not like the fit","DLS",,"MYER1042916132",,,"2025-09-13 16:16:00.000",,,,
